-6.899649870235026356e+03
-6.898181736795004326e+03
-6.900625162188529430e+03
-6.902322124829113818e+03
-6.901133168311614099e+03
-6.900814584098256091e+03
-6.901622970210633866e+03
-6.903699448562631005e+03
-6.899612832707680354e+03
-6.901111032486713157e+03
-6.900588058495717632e+03
-6.900665133793871973e+03
-6.899301960869557661e+03
-6.901453988186911374e+03
-6.899291098482531197e+03
-6.899324479298866208e+03
-6.900621726233318441e+03
-6.905653144243236966e+03
-6.901327134276990364e+03
-6.901155660831541354e+03
-6.904266686687290530e+03
-6.901809929817334705e+03
-6.904501006556227367e+03
-6.899474324811755650e+03
-6.899644327390798026e+03
-6.902267803787829507e+03
-6.900339228515974355e+03
-6.900283651484081929e+03
-6.898984126754266981e+03
-6.901522328727610329e+03
-6.903621956197258442e+03
-6.897816009883052175e+03
-6.902365895754205667e+03
-6.898030015294879377e+03
-6.900343185954456203e+03
-6.899174855594455039e+03
-6.902632866989805734e+03
-6.899262294908868171e+03
-6.902559915011512203e+03
-6.899571301235537248e+03
-6.899618862112672105e+03
-6.900219641135563506e+03
-6.898871408384864480e+03
-6.903405906669616343e+03
-6.900954757195006096e+03
-6.900556456449681718e+03
-6.899928210353244140e+03
-6.899053153290723458e+03
-6.900761998663001577e+03
-6.901826738459457374e+03
-6.903642952858052922e+03
-6.898992755467208553e+03
-6.899759483242920396e+03
-6.901303314824730478e+03
-6.899093888071191941e+03
-6.900747398734420130e+03
-6.900523559615365230e+03
-6.903271047196863037e+03
-6.900059412607959530e+03
-6.900651563924650873e+03
-6.900375366593799299e+03
-6.899842645447471114e+03
-6.901400239801051612e+03
-6.898391328387801877e+03
-6.901992442298092101e+03
-6.901047805109701585e+03
-6.900268894758346505e+03
-6.902577749745963956e+03
-6.900580687995843618e+03
-6.900366318335833967e+03
-6.900463344041518212e+03
-6.900565874093193997e+03
-6.900559482268052307e+03
-6.901567182824694100e+03
-6.899273653017226934e+03
-6.900474674247996518e+03
-6.900034273255922017e+03
-6.900384904283875585e+03
-6.901041359744155670e+03
-6.899298728084021604e+03
-6.900238252530810314e+03
-6.900226585048522793e+03
-6.901678755550296955e+03
-6.904422146951481409e+03
-6.899016036451483160e+03
-6.904087297766776828e+03
-6.900141997546302264e+03
-6.902204289301875178e+03
-6.898653038119944540e+03
-6.907927024643886398e+03
-6.904121086632720107e+03
-6.898151124169083232e+03
-6.902500732190545932e+03
-6.901016141958502885e+03
-6.898396901737832195e+03
-6.904000312199830660e+03
-6.900999958137177600e+03
-6.900822735127064334e+03
-6.899281395105731463e+03
-6.900359412189041905e+03
-6.902112637847819315e+03
-6.900828900911007622e+03
-6.902787330778984142e+03
-6.898403669245663878e+03
-6.898664270650553590e+03
-6.900894438024653937e+03
-6.904523992535418074e+03
-6.906562700208843125e+03
-6.901916183246943547e+03
-6.900918253087468656e+03
-6.902178139322800234e+03
-6.904332229521337467e+03
-6.901981700444066519e+03
-6.901095385391263335e+03
-6.900267242097219423e+03
-6.900102079108858561e+03
-6.898927235914709854e+03
-6.901790915942788160e+03
-6.899289607516698197e+03
-6.901029711727191170e+03
-6.898062662463433298e+03
-6.899932605722086009e+03
-6.899325260718236677e+03
-6.900734167018397784e+03
-6.906690397774475059e+03
-6.903569696673361250e+03
-6.900943833135983368e+03
-6.901639945215633816e+03
-6.900917419765974046e+03
-6.899817228206072286e+03
-6.901474192303694508e+03
-6.900830744012009745e+03
-6.899198403301661529e+03
-6.899009786961044483e+03
-6.903504559249369777e+03
-6.899914493215896073e+03
-6.900434049338755358e+03
-6.900482693754828688e+03
-6.901230059894353872e+03
-6.902476698002501507e+03
-6.905356238911919718e+03
-6.902922408146278940e+03
-6.904274254577204374e+03
-6.901787879842204347e+03
-6.898691699346268251e+03
-6.899744716286452785e+03
-6.901576257629420979e+03
-6.900137373320327242e+03
-6.899101137383203422e+03
-6.901658111781839580e+03
-6.903507320958477976e+03
-6.898624813464206454e+03
-6.898818238308796936e+03
-6.899964673535008842e+03
-6.899319715092421575e+03
-6.900617464649285466e+03
-6.901273132994428124e+03
-6.898720121590164126e+03
-6.901054221198637606e+03
-6.905826364419662241e+03
-6.900393431034678542e+03
-6.900243153953762885e+03
-6.901482519585923910e+03
-6.899093295119881986e+03
-6.902532841339388142e+03
-6.898671989054954793e+03
-6.900877317516890798e+03
-6.904187015142319069e+03
-6.899480314328765417e+03
-6.898480689394504225e+03
-6.897379968137572178e+03
-6.901824425656045605e+03
-6.901786094645889534e+03
-6.898424751496531826e+03
-6.900615743784694132e+03
-6.898707540441842866e+03
-6.898682343197434420e+03
-6.903632106168978680e+03
-6.901071743180860722e+03
-6.898958096656678208e+03
-6.900109664021718345e+03
-6.899772812523336142e+03
-6.898887347835044238e+03
-6.899141166804331988e+03
-6.899100900200179240e+03
-6.897643501101558286e+03
-6.900698933246524575e+03
-6.898743311161655583e+03
-6.897920503939577429e+03
-6.897875136206082061e+03
-6.899634098556980462e+03
-6.899247961496411335e+03
-6.900602740983004878e+03
-6.903881047358929209e+03
-6.905899359243809158e+03
-6.899821770418917367e+03
-6.904116241182104204e+03
-6.901060708611318660e+03
-6.899271382237866419e+03
-6.901367726263620170e+03
-6.902890998605390450e+03
-6.899178128407281292e+03
-6.898318131770303808e+03
-6.900068401444941628e+03
-6.902484941885985791e+03
-6.901793909217187320e+03
-6.903955495317114583e+03
-6.904556930902292152e+03
-6.899847755316463918e+03
-6.898504897781606815e+03
-6.901161310980867711e+03
-6.899897814709252089e+03
-6.900479233501820090e+03
-6.899133751285003200e+03
-6.901987932603042282e+03
-6.897279594241140330e+03
-6.897234910720707376e+03
-6.899980066173256091e+03
-6.902780428178226430e+03
-6.905526107295778274e+03
-6.900372501807941262e+03
-6.898611454072890410e+03
-6.901301237694028714e+03
-6.899426060427893390e+03
-6.901403022252721712e+03
-6.898942851425167646e+03
-6.905165249030896121e+03
-6.901931265735198394e+03
-6.902175602823075678e+03
-6.900083738829185677e+03
-6.900833192242586847e+03
-6.899898448776252735e+03
-6.899694382861967824e+03
-6.898803702410423284e+03
-6.898170066033500007e+03
-6.902468746384434780e+03
-6.899316064678265320e+03
-6.899602511750344092e+03
-6.900906103595942113e+03
-6.897801970762226119e+03
-6.901627442563911245e+03
-6.901035866953210643e+03
-6.908831372901824579e+03
-6.899698575985550633e+03
-6.898636289905020021e+03
-6.899828816996763635e+03
-6.900249903891507529e+03
-6.903266151084195371e+03
-6.901910647190760756e+03
-6.901424276773954261e+03
-6.899197705926990238e+03
-6.899081436603076327e+03
-6.900033693719138682e+03
-6.902342370392837438e+03
-6.898632989766748324e+03
-6.899600998300608808e+03
-6.897853214206838857e+03
-6.903117304270845125e+03
-6.899700966212754793e+03
-6.898808797465721000e+03
-6.899351728453094438e+03
-6.899025481123325335e+03
-6.899226898336282829e+03
-6.898728898479916097e+03
-6.898028244579078091e+03
-6.900353863064907273e+03
-6.899890266631905433e+03
-6.903553090283351594e+03
-6.902021359768086768e+03
-6.900404954581764287e+03
-6.900654979556850776e+03
-6.900800587231796271e+03
-6.902070464889824507e+03
-6.902866488486397429e+03
-6.898188224652059034e+03
-6.903500428906584602e+03
-6.901760905323862062e+03
-6.905860926733344058e+03
-6.904310662626601697e+03
-6.901005427066072116e+03
-6.898752143217356206e+03
-6.898237834320198090e+03
-6.898775876138749481e+03
-6.898102666566426706e+03
-6.901452635994117372e+03
-6.906917194313463369e+03
-6.900955632260374841e+03
-6.903648588500544975e+03
-6.902483727031722083e+03
-6.899086913428001026e+03
-6.897896750857999905e+03
-6.898168413014898761e+03
-6.902438964897669393e+03
-6.898409794651843185e+03
-6.900810265562046879e+03
-6.901104897115508720e+03
-6.899006889181324368e+03
-6.898851255772407967e+03
-6.898772618303903073e+03
-6.898908933480231099e+03
-6.899550398237526679e+03
-6.899960370109510222e+03
-6.898285215590579355e+03
-6.898695387913509876e+03
-6.900780737121948732e+03
-6.904549364340141437e+03
-6.901083564035750896e+03
-6.900828273547726894e+03
-6.898904648103718500e+03
-6.903119372703082263e+03
-6.904010283519085533e+03
-6.908079985535521701e+03
-6.901191756844785232e+03
-6.898263374931346334e+03
-6.900486273002938105e+03
-6.898762927915711771e+03
-6.901273120244969505e+03
-6.900683942073101207e+03
-6.902582673610443635e+03
-6.899602658645452721e+03
-6.898727447665237378e+03
-6.902411535217899655e+03
-6.898310651071627035e+03
-6.897953742070615590e+03
-6.899518986013097674e+03
-6.900156228450365234e+03
-6.902436398761310556e+03
-6.901923682590655517e+03
-6.899659345358578321e+03
-6.899087038339172068e+03
-6.902947643826251806e+03
-6.900067963893591696e+03
-6.900907301648786415e+03
-6.901823151337869604e+03
-6.899321077651658925e+03
-6.901961294444055966e+03
-6.900735461945962015e+03
-6.902523165151310423e+03
-6.902440796931930890e+03
-6.899398376559014650e+03
-6.902329080294994128e+03
-6.901115185742190079e+03
-6.901895460786096010e+03
-6.899961636981730408e+03
-6.899596937574598996e+03
-6.899102277115744073e+03
-6.904554265251194920e+03
-6.900488803097229720e+03
-6.900378836063157905e+03
-6.899143723630806562e+03
-6.903067175076530475e+03
-6.899759460844123168e+03
-6.899657020221084167e+03
-6.902580679944592703e+03
-6.897403370826378705e+03
-6.899098533063556715e+03
-6.900128138408390441e+03
-6.898329123779021756e+03
-6.900970676766943143e+03
-6.899360369916609670e+03
-6.897593190573907123e+03
-6.900189951384190863e+03
-6.897809952518658974e+03
-6.900657950936716588e+03
-6.901785703499335796e+03
-6.900420486378042369e+03
-6.901286241416690245e+03
-6.899144814023318759e+03
-6.901317283288864928e+03
-6.901515576210163999e+03
-6.899912043291687041e+03
-6.899872288480481075e+03
-6.897947447203352567e+03
-6.899653893515052914e+03
-6.899637877235048109e+03
-6.901257333090018619e+03
-6.902575279122411303e+03
-6.901198246014133474e+03
-6.902978102855501675e+03
-6.900881144545057396e+03
-6.899009360429895423e+03
-6.899059889293729611e+03
-6.900707451690666858e+03
-6.898920169111885116e+03
-6.898949732137483807e+03
-6.904282743859964285e+03
-6.902727204008953777e+03
-6.898166111386977718e+03
-6.900670935199830637e+03
-6.899488423359863191e+03
-6.902095555599540603e+03
-6.903982167498214949e+03
-6.902878760617897569e+03
-6.900120899874491442e+03
-6.899830280718614631e+03
-6.899889540799767019e+03
-6.897337302783658743e+03
-6.900802143383256407e+03
-6.901656956194133272e+03
-6.901856029496946576e+03
-6.900872065818508418e+03
-6.898390899010108114e+03
-6.901285614697510937e+03
-6.901577421655818398e+03
-6.898267288186521000e+03
-6.899153563335525178e+03
-6.899193142213401188e+03
-6.899295231776379296e+03
-6.902487182507770740e+03
-6.900708913126362859e+03
-6.902730277056141858e+03
-6.901519403276898629e+03
-6.900296193168802347e+03
-6.900116864571472433e+03
-6.899504518470706898e+03
-6.898827944476151060e+03
-6.905726480413742138e+03
-6.902047058967152225e+03
-6.900769452284410363e+03
-6.900925922771574733e+03
-6.898263514909188416e+03
-6.902905895790253453e+03
-6.901892766558364201e+03
-6.903427975229277763e+03
-6.898509427537254851e+03
-6.898834467947919620e+03
-6.903217819893703563e+03
-6.900956441819800602e+03
-6.903100357154770791e+03
-6.900272235300520151e+03
-6.900946185480951499e+03
-6.899976072224704694e+03
-6.899478321493239491e+03
-6.901742986179070613e+03
-6.900862280554955760e+03
-6.900242871194356667e+03
-6.900139738619704076e+03
-6.902646742589819041e+03
-6.901239215392004553e+03
-6.902023392477137349e+03
-6.900907486151261764e+03
-6.902827080318625121e+03
-6.899501589639186932e+03
-6.902753848609206216e+03
-6.900790563989900875e+03
-6.899411549923945131e+03
-6.899500911182347409e+03
-6.900309086829445732e+03
-6.900433079624143829e+03
-6.899505092009300824e+03
-6.898994452373345666e+03
-6.899123997351159232e+03
-6.900502118272652297e+03
-6.901419570197565008e+03
-6.899683248779933820e+03
-6.900034348981608673e+03
-6.901639396223685253e+03
-6.899369297005508088e+03
-6.901748718732262205e+03
-6.900035813664590023e+03
-6.900847117609131601e+03
-6.901340635012268649e+03
-6.898963006658603263e+03
-6.900586797744911564e+03
-6.902051652254446708e+03
-6.905286009190493132e+03
-6.902742067099961787e+03
-6.902925164730802862e+03
-6.902409526008652392e+03
-6.897393347694800468e+03
-6.900354024858072989e+03
-6.900095744542464672e+03
-6.902044357824455801e+03
-6.898418590216272605e+03
-6.901624739580290225e+03
-6.908091054118041939e+03
-6.900110845226557103e+03
-6.898331381430787587e+03
-6.901828748430981250e+03
-6.897935429482364270e+03
-6.898389617128923419e+03
-6.902438072948312765e+03
-6.904780292991109491e+03
-6.902542142582929046e+03
-6.899414710672528599e+03
-6.903882771113265335e+03
-6.899500925351439037e+03
-6.898791177619090377e+03
-6.899727511858789512e+03
-6.899313546169774781e+03
-6.899638491422397237e+03
-6.905582884790722346e+03
-6.902998900581641465e+03
-6.899788537237411219e+03
-6.898974396089977745e+03
-6.898836975428708683e+03
-6.901887042194049172e+03
-6.901239316677709212e+03
-6.904277642430820379e+03
-6.899087170709282873e+03
-6.901770937829753166e+03
-6.898703116440765370e+03
-6.904806302320233954e+03
-6.898484866335585139e+03
-6.901890258283297953e+03
-6.900168689167242519e+03
-6.900896803173903209e+03
-6.898104999827459324e+03
-6.901591687971817009e+03
-6.901660855762309438e+03
-6.899351002792820509e+03
-6.904238963433575009e+03
-6.899596160302990938e+03
-6.902011166566488100e+03
-6.897875025988176276e+03
-6.898509273867237425e+03
-6.898290689931634915e+03
-6.898721269509531339e+03
-6.899600152261796211e+03
-6.899048362455202550e+03
-6.901261852677384923e+03
-6.900070108369300215e+03
-6.898203684148549655e+03
-6.901024409070152615e+03
-6.898466820990075576e+03
-6.898988002286195297e+03
-6.900128575904887839e+03
-6.905383206930064262e+03
-6.901352655398217394e+03
-6.897963709773570372e+03
-6.899782964311563774e+03
-6.899961566476207736e+03
-6.900541461379122666e+03
-6.903120119044243438e+03
-6.900964264331955746e+03
-6.901468782250115510e+03
-6.899205615825433597e+03
-6.903209022662153075e+03
-6.903687074213008600e+03
-6.899572223204032525e+03
-6.897960984107023251e+03
-6.898757312186987292e+03
-6.899565265367326901e+03
-6.900130315208135471e+03
-6.899158014267416547e+03
-6.904538134473373248e+03
-6.899627774518821752e+03
-6.898809487593354788e+03
-6.897431737649852948e+03
-6.897656628223578991e+03
-6.903165416884549813e+03
-6.901746047967331833e+03
-6.902796125679838042e+03
-6.899256080943655434e+03
-6.899275545643249643e+03
-6.904591040184629492e+03
-6.899019556117402317e+03
-6.898518028581763247e+03
-6.898611236428357188e+03
-6.899605470163829523e+03
-6.902295292921448890e+03
-6.901438788120971367e+03
-6.901814971579947269e+03
-6.907483513818590836e+03
-6.901805493045121693e+03
-6.900722369567913120e+03
-6.903219575058135888e+03
-6.901987337717519949e+03
-6.903554779016671091e+03
-6.898776825628290680e+03
-6.900495833444288110e+03
-6.901570673135334800e+03
-6.901064341428090302e+03
-6.899090809289336903e+03
-6.898397257045509832e+03
-6.901323129566036187e+03
-6.902727623271400262e+03
-6.904292001649661870e+03
-6.903044062150615900e+03
-6.898802797076599745e+03
-6.898728412469963587e+03
-6.901304189835189391e+03
-6.903234919072440789e+03
-6.898719575155210805e+03
-6.900157441266558635e+03
-6.899878543112131410e+03
-6.898635998003944223e+03
-6.898568618233980487e+03
-6.899494732683321672e+03
-6.902309330370349016e+03
-6.900085713607753860e+03
-6.902811062596860211e+03
-6.901474101638458706e+03
-6.902750266184409156e+03
-6.900605027182722552e+03
-6.898007239386529363e+03
-6.899013669634369762e+03
-6.900072695751401625e+03
-6.899321678951952890e+03
-6.902041159989277730e+03
-6.899990298920234636e+03
-6.898217675931901795e+03
-6.897274506184574420e+03
-6.899873805149879445e+03
-6.899229591012501260e+03
-6.899310654226104816e+03
-6.899312106420124110e+03
-6.902789017139275529e+03
-6.898371254345225680e+03
-6.899464764164536973e+03
-6.898917080912669917e+03
-6.901923705696879551e+03
-6.899194610623202607e+03
-6.900702410909470018e+03
-6.907145025792186971e+03
-6.902903530693406537e+03
-6.898739806660875729e+03
-6.899583070203893840e+03
-6.904714656385857779e+03
-6.897900304655769105e+03
-6.903814413266288284e+03
-6.901335145256435680e+03
-6.901568863798393068e+03
-6.902076593635841164e+03
-6.900908408500578844e+03
-6.899485160679298133e+03
-6.903017290903892899e+03
-6.901510567950332188e+03
-6.898641702093455024e+03
-6.901228180041236556e+03
-6.902703417905527203e+03
-6.901459572029921219e+03
-6.902163471926134662e+03
-6.903932618154635747e+03
-6.900350881190240216e+03
-6.900101569210404705e+03
-6.904934578851332844e+03
-6.901847663674866453e+03
-6.901161577963115633e+03
-6.901144454520056570e+03
-6.899812808407876219e+03
-6.899527277096075522e+03
-6.899570470371058036e+03
-6.900828832807564140e+03
-6.900646689587734727e+03
-6.900292968008934622e+03
-6.900152439318966572e+03
-6.901080146069030889e+03
-6.899533933706234166e+03
-6.899907954385408630e+03
-6.902164837151052780e+03
-6.902037923367765870e+03
-6.904262679971223406e+03
-6.899467903117568312e+03
-6.900867161466337166e+03
-6.902416529318759785e+03
-6.901678418259443788e+03
-6.898954679612932523e+03
-6.898993511838506492e+03
-6.898456507088721992e+03
-6.900285220885464696e+03
-6.900657371065290135e+03
-6.902555697580053675e+03
-6.897120432892604185e+03
-6.901004695149355939e+03
-6.902515139679746426e+03
-6.903851588064760108e+03
-6.901630919569995967e+03
-6.900220647484837173e+03
-6.903567422083307974e+03
-6.900193053610623792e+03
-6.898104529334516883e+03
-6.901731303606193251e+03
-6.903144658909975078e+03
-6.901129839836221436e+03
-6.900359876719037857e+03
-6.900278165211038868e+03
-6.900218570970888322e+03
-6.902606171913685102e+03
-6.899134029611611368e+03
-6.898107632917094634e+03
-6.899730140196247703e+03
-6.905430907658218530e+03
-6.899852962415786351e+03
-6.900601105328939411e+03
-6.897717944441245891e+03
-6.897845988841724648e+03
-6.901384699494195957e+03
-6.901654465911946318e+03
-6.898761904427174159e+03
-6.901889625962915488e+03
-6.900543879809838472e+03
-6.905761433806894274e+03
-6.900346928011100317e+03
-6.901961237423418424e+03
-6.898772478145954665e+03
-6.899972365808373979e+03
-6.906162842779541279e+03
-6.900306212938527096e+03
-6.900182971357306997e+03
-6.901808471247028137e+03
-6.897973971074599831e+03
-6.900062668951103660e+03
-6.900039014930430312e+03
-6.905975625253098769e+03
-6.897929276452270642e+03
-6.902840187882839018e+03
-6.900473765736443056e+03
-6.900450851558956856e+03
-6.900133155581723258e+03
-6.901268046275536108e+03
-6.901945116863747899e+03
-6.901863814501034540e+03
-6.901552588038368413e+03
-6.899245607866338105e+03
-6.899841138640552344e+03
-6.899090773938065468e+03
-6.900433488178940934e+03
-6.900202367982145006e+03
-6.898987015542610607e+03
-6.899060916231026567e+03
-6.900161752326197529e+03
-6.902840729652353730e+03
-6.899557263071493253e+03
-6.899416757719431189e+03
-6.901417799278501661e+03
-6.899304690228951586e+03
-6.901717184217996873e+03
-6.900787311616929401e+03
-6.903783363575612384e+03
-6.900811642381176171e+03
-6.901580715320993477e+03
-6.900315603937833657e+03
-6.899349820487255784e+03
-6.900857384192266181e+03
-6.901753561467414329e+03
-6.899050944975182574e+03
-6.901999507294255636e+03
-6.902227707423990068e+03
-6.900676094090770675e+03
-6.901891402997433033e+03
-6.900177574808070858e+03
-6.900460022741350258e+03
-6.899913132551227136e+03
-6.903283947624810935e+03
-6.900135149724417715e+03
-6.899614879185668542e+03
-6.900355396191161162e+03
-6.899579357124001945e+03
-6.898229645251822149e+03
-6.902015736856335025e+03
-6.902942339991258450e+03
-6.899320148891778445e+03
-6.902899763555707978e+03
-6.898694468846352720e+03
-6.900887917519420625e+03
-6.899426623209796162e+03
-6.900167178987354418e+03
-6.904270162037542832e+03
-6.899458121111079890e+03
-6.899584041120702750e+03
-6.898923589906767120e+03
-6.902984330067534756e+03
-6.901145413852890670e+03
-6.907139253968061894e+03
-6.902179325181810782e+03
-6.902918157270530173e+03
-6.898344868536134527e+03
-6.906113069133400131e+03
-6.900544680968931061e+03
-6.898715127890461190e+03
-6.902442680043798646e+03
-6.903997099310788144e+03
-6.900407490073419467e+03
-6.900659735320200525e+03
-6.899439628250182068e+03
-6.903156319379956585e+03
-6.897820528512091187e+03
-6.900683424484110219e+03
-6.905347304641298251e+03
-6.899444075412602615e+03
-6.900746007949582236e+03
-6.902341149281121034e+03
-6.899628160884137287e+03
-6.903163203439996323e+03
-6.899038322108377542e+03
-6.902414219872771355e+03
-6.901331783576291855e+03
-6.900333648886824449e+03
-6.905978284006770082e+03
-6.898364591309628850e+03
-6.899404557329693489e+03
-6.910684955642395835e+03
-6.900265259974361470e+03
-6.899537169804134464e+03
-6.899625887438140126e+03
-6.900428581206002491e+03
-6.902536270023207180e+03
-6.901371053019975079e+03
-6.898281721070929962e+03
-6.902582709688822433e+03
-6.906077263812226192e+03
-6.899967097430745525e+03
-6.898536303728217717e+03
-6.899499653832911463e+03
-6.902232256434422197e+03
-6.900285809419838188e+03
-6.899554353789876586e+03
-6.900194680984220213e+03
-6.900198708125675694e+03
-6.902149998564195812e+03
-6.901892728890478793e+03
-6.901599000839291875e+03
-6.900353287944911244e+03
-6.899606655435744869e+03
-6.900588709187765744e+03
-6.901276943646863401e+03
-6.898316934935328391e+03
-6.901487071519782148e+03
-6.899147729210808393e+03
-6.900301449249498546e+03
-6.900438871912298964e+03
-6.903033529703281602e+03
-6.902920845017019019e+03
-6.902312939474322775e+03
-6.898405264053415522e+03
-6.902245939021548111e+03
-6.904605120959385204e+03
-6.902386888208801793e+03
-6.900008459569317893e+03
-6.899976087815192841e+03
-6.900046911724095480e+03
-6.900095116880902424e+03
-6.904737907346962857e+03
-6.900822243034982421e+03
-6.899669306947090263e+03
-6.899129000478644230e+03
-6.901318260043587543e+03
-6.901628920634631868e+03
-6.899527910967949538e+03
-6.901562866745461179e+03
-6.902251308638847149e+03
-6.898035875758929251e+03
-6.904929559879261433e+03
-6.898004313197501688e+03
-6.902884141115632701e+03
-6.898873125320819781e+03
-6.903840522297239659e+03
-6.900513367468532124e+03
-6.899336427052006002e+03
-6.901659835811911762e+03
-6.899188291133703387e+03
-6.899351667211653876e+03
-6.900574846437548331e+03
-6.899363989266312274e+03
-6.901264922241154636e+03
-6.899331896084971959e+03
-6.904016802296765491e+03
-6.900416947491454266e+03
-6.899370874580093187e+03
-6.899482586811906003e+03
-6.900183217729311764e+03
-6.902567246341540340e+03
-6.901677807266706623e+03
-6.900255388461919210e+03
-6.899881396746630344e+03
-6.900034527093598626e+03
-6.899121855596549722e+03
-6.897864662018434501e+03
-6.900346108290227676e+03
-6.898543409078883087e+03
-6.906378266250047091e+03
-6.902959810748348900e+03
-6.899195124241136909e+03
-6.897751798285637960e+03
-6.901250443792631813e+03
-6.899409553319754195e+03
-6.901449777765098588e+03
-6.901837527789962223e+03
-6.901360120713843571e+03
-6.902873913793817337e+03
-6.899930849569038401e+03
-6.900423560635237664e+03
-6.900322859001255893e+03
-6.901453079106034238e+03
-6.902678413926093526e+03
-6.898842870818235497e+03
-6.899537653875924661e+03
-6.899528501233550742e+03
-6.902055443564304369e+03
-6.899788695858693245e+03
-6.898839983526831929e+03
-6.902363609089742567e+03
-6.900382521878078478e+03
-6.898371850112329412e+03
-6.899467340925911230e+03
-6.898343752312273864e+03
-6.901053260710755239e+03
-6.905108473524207511e+03
-6.900027625499685200e+03
-6.898214325984856259e+03
-6.900866072677254124e+03
-6.901438004593025653e+03
-6.902290068192360195e+03
-6.902300214676200085e+03
-6.898300253642874850e+03
-6.901691174002979096e+03
-6.902350170667865314e+03
-6.898810714104409271e+03
-6.901125294537980153e+03
-6.899083595580685142e+03
-6.900381701241931296e+03
-6.903320678713452253e+03
-6.898295835609729693e+03
-6.901796357137015548e+03
-6.900927687336101371e+03
-6.900680862303015601e+03
-6.901534191140351140e+03
-6.906748994069727814e+03
-6.903981237243925534e+03
-6.902477263743156982e+03
-6.899125654188924273e+03
-6.900636549809561984e+03
-6.901223186473875103e+03
-6.901512859460741311e+03
-6.901674716900236490e+03
-6.899644525104959939e+03
-6.902563217099213034e+03
-6.901949489227209597e+03
-6.898994674270170435e+03
-6.900332177069489262e+03
-6.900169973283216677e+03
-6.899453673413506294e+03
-6.902456921208213316e+03
-6.899978996698921037e+03
-6.901902519462430973e+03
-6.901232122501108279e+03
-6.899040185453001868e+03
-6.899342050364612078e+03
-6.900062277937986437e+03
-6.898821321013026136e+03
-6.900690582461093072e+03
-6.900226031608317498e+03
-6.900855417678799313e+03
-6.899878260885072450e+03
-6.900493621871375581e+03
-6.898129298438036130e+03
-6.900124257300515637e+03
-6.898935960746022829e+03
-6.901851633173454502e+03
-6.899755276685361423e+03
-6.899630655799428496e+03
-6.902603810667965263e+03
-6.898518048645511044e+03
-6.901250839112352878e+03
-6.904428183950778475e+03
-6.899838716835176456e+03
-6.907228918821831030e+03
-6.897848228231329813e+03
-6.901675878712465419e+03
-6.900722267519487104e+03
-6.899962911296739549e+03
-6.898804948537711425e+03
-6.897828046866701698e+03
-6.898541310874290502e+03
-6.900084372377296859e+03
-6.899328984156056322e+03
-6.899689654913358936e+03
-6.899043434521445306e+03
-6.898982961964894457e+03
-6.897142147206682239e+03
-6.897566681826596323e+03
-6.900580918951886815e+03
-6.903878999575129455e+03
-6.904640299991904612e+03
-6.900561920467034724e+03
-6.902375408781008446e+03
-6.900854254387499168e+03
-6.900955326752581641e+03
-6.899691173998202430e+03
-6.898883172279243809e+03
-6.898974505141478403e+03
-6.899721021550420119e+03
-6.898246310071831431e+03
-6.900647428011634474e+03
-6.903495290156301053e+03
-6.901296558197436752e+03
-6.898638680852888683e+03
-6.903991140896952857e+03
-6.900889685675178043e+03
-6.901140131419098907e+03
-6.901412643470822331e+03
-6.899813192528164109e+03
-6.897991624501502884e+03
-6.900654243640979075e+03
-6.898868404124600602e+03
-6.903185668568138681e+03
-6.901243542716122647e+03
-6.900980620500567056e+03
-6.902236268660371024e+03
-6.900083365066866463e+03
-6.899225041907327068e+03
-6.905450953562406539e+03
-6.903156452665412871e+03
-6.902915082184353196e+03
-6.897570838751271367e+03
-6.899653834592776548e+03
-6.900446032342376384e+03
-6.901796879785687452e+03
-6.898720583186154727e+03
-6.900340350704524099e+03
-6.900836152821367250e+03
-6.900921273941543404e+03
-6.899012905214252896e+03
-6.901135148595266401e+03
-6.903156223021294863e+03
-6.904665772350918814e+03
-6.899160558388118261e+03
-6.902027793347641818e+03
-6.903207312441612885e+03
-6.901240951173592293e+03
-6.900710210127241226e+03
-6.902518290701053957e+03
-6.903270077329559172e+03
-6.902609891534522831e+03
-6.900444014503222206e+03
-6.900861898686634959e+03
-6.903041768215749471e+03
-6.900565755081188399e+03
-6.902712836377493659e+03
-6.898325323059111724e+03
-6.899568992984381111e+03
-6.903168420280475402e+03
-6.900855221155403342e+03
-6.899454668732288155e+03
-6.901391616806560705e+03
-6.897520796974886252e+03
-6.901467187386279875e+03
-6.903722140725661120e+03
-6.898786227252498065e+03
-6.898723124161220767e+03
-6.900368331952606241e+03
-6.898450903849280621e+03
-6.899043221751667261e+03
-6.903632781647796037e+03
-6.899249368391459939e+03
-6.902576820043122098e+03
-6.904502548092281359e+03
-6.902325060720132569e+03
-6.899293181811028262e+03
-6.902467955413992968e+03
-6.898707381373780663e+03
-6.905472851501697733e+03
-6.900524909536478845e+03
-6.897465154963694658e+03
-6.899692803632666255e+03
-6.900898723026053631e+03
-6.906541390825312192e+03
-6.899783908547165993e+03
-6.903440889124689420e+03
-6.901902321862185090e+03
-6.898252660025356818e+03
-6.899422004353235025e+03
-6.900746709583109805e+03
-6.900068749160898733e+03
-6.898622759119416514e+03
-6.900075592590452288e+03
-6.899260537148536969e+03
-6.900094755872149108e+03
-6.899947131915661885e+03
-6.899475545957772738e+03
-6.899419813240125222e+03
-6.903210314619492237e+03
-6.899368741045914248e+03
-6.901191166862875434e+03
-6.900233300537910509e+03
-6.901509386094816364e+03
-6.899079245179382269e+03
-6.898532487576256244e+03
-6.903665511425673685e+03
-6.898937108096847624e+03
-6.900465770378569687e+03
-6.898003093141240242e+03
-6.898857838914470449e+03
-6.902952701143944068e+03
-6.902755985443081045e+03
-6.900800633968407055e+03
-6.899481534069863301e+03
-6.903161172392694425e+03
-6.900392284403489612e+03
-6.898402016175523386e+03
-6.900307983107714790e+03
-6.900118537135611405e+03
-6.898620861764738947e+03
-6.900700459878433321e+03
-6.900586787479710438e+03
-6.900923522143655646e+03
-6.898920275001397385e+03
-6.900457435885498853e+03
-6.899424233235732572e+03
-6.901001997754604417e+03
-6.899962369444391697e+03
-6.904636601019062255e+03
-6.901083475779807486e+03
-6.901600145933483873e+03
-6.901632539022245510e+03
-6.900214827485833666e+03
-6.900170390078183118e+03
-6.900406449694659386e+03
-6.899575873281832173e+03
-6.903348543883625098e+03
-6.898467071565392871e+03
-6.899541978771935646e+03
-6.904147491610616271e+03
-6.906578701949577408e+03
-6.900634854271980657e+03
-6.901374987725007486e+03
-6.900116653794944796e+03
-6.900379158582372838e+03
-6.898016415433723523e+03
-6.898384740813355165e+03
-6.899206604179973510e+03
-6.900232767460417563e+03
-6.899737622698890846e+03
-6.898496902450917332e+03
-6.899335555417217620e+03
-6.902220816856298370e+03
-6.901900843509740298e+03
-6.900726620796691350e+03
-6.902119379695347561e+03
-6.899217129324933921e+03
-6.899457092709080825e+03
-6.899644998660371130e+03
-6.905242096938825853e+03
-6.906308745189808178e+03
-6.902331664928797181e+03
-6.900657711397824642e+03
-6.900394285960346679e+03
-6.900606608026585491e+03
-6.902732710789945486e+03
-6.903128670509799122e+03
-6.901520744405162077e+03
-6.901509205716487486e+03
-6.904331450926155412e+03
-6.898564162247737841e+03
-6.901092237017373918e+03
-6.900083246327065353e+03
-6.904098649123629912e+03
-6.904724967725857823e+03
-6.898388299804012604e+03
-6.901238078062737259e+03
-6.898931811439734702e+03
-6.898245715365368596e+03
-6.898637326789934377e+03
-6.897929604448620012e+03
-6.897560222858775887e+03
-6.898968931746489034e+03
-6.898413939321412727e+03
-6.899147658767104986e+03
-6.899654289201743268e+03
-6.901925754839536239e+03
-6.899198685133705112e+03
-6.900838386006986184e+03
-6.900238617936764058e+03
-6.900891675841871802e+03
-6.901555661939014499e+03
-6.901164674797882071e+03
-6.901489680908680384e+03
-6.898317190715995821e+03
-6.901515491530121835e+03
-6.901013776811513708e+03
-6.898366134917913769e+03
-6.899142948286119463e+03
-6.898929478030225255e+03
-6.901195649169965691e+03
-6.899765208519082080e+03
-6.902643567774540315e+03
-6.902347228123244349e+03
-6.899998560993688443e+03
-6.898852714027259026e+03
-6.902379113153256185e+03
-6.900187830075342390e+03
-6.898454281063444796e+03
-6.899480588030422950e+03
-6.900978259272292235e+03
-6.898424375241138478e+03
-6.900985567969360091e+03
-6.899410695784515156e+03
-6.900530883339228239e+03
-6.898730489372894226e+03
-6.900241905905254498e+03
-6.900039612130474779e+03
-6.900820172863472180e+03
-6.898444071718250598e+03
-6.899481569420328015e+03
-6.897825944048025121e+03
-6.898003700697719069e+03
-6.897648239308414304e+03
-6.905190802783221443e+03
-6.906181599836338137e+03
-6.899997803384428153e+03
-6.905585995855994952e+03
-6.901776666857442251e+03
-6.900559808510235598e+03
-6.898825566754809188e+03
-6.902578763818175503e+03
-6.899230344321649682e+03
-6.899642864882601316e+03
-6.900823239822678261e+03
-6.900724837086170737e+03
-6.898479774357816495e+03
-6.907245387679384294e+03
-6.902662017382488557e+03
-6.904555234336502508e+03
-6.902420898178435891e+03
-6.899593550426705406e+03
-6.901785943190196122e+03
-6.899278432133586648e+03
-6.899058259168806217e+03
-6.901255355168566894e+03
-6.900967109373159474e+03
-6.903218505358703624e+03
-6.900190101738206067e+03
-6.905531000736367787e+03
-6.899388363937770919e+03
-6.899114628653261207e+03
-6.900004565454177282e+03
-6.900731765051738876e+03
-6.897595497287072249e+03
-6.901115153622332400e+03
-6.897771168522314838e+03
-6.899697446610524821e+03
-6.900797583155872417e+03
-6.901253643190764706e+03
-6.899016884132590349e+03
-6.901663335244980772e+03
-6.903027738410352868e+03
-6.902413638174104562e+03
-6.901994637269739542e+03
-6.898842878026840481e+03
-6.900149961484353298e+03
-6.899461381330971562e+03
-6.899508482730988362e+03
-6.899290489267502380e+03
-6.898583385472596092e+03
-6.902399818757044159e+03
-6.901141476100180626e+03
-6.900521930844852250e+03
-6.898460065844215933e+03
-6.900120116538346338e+03
-6.900501476237443967e+03
-6.899312398983964158e+03
-6.906417010035796920e+03
-6.899966633376243408e+03
-6.901499207060189292e+03
-6.900080591364097018e+03
-6.899046241370277130e+03
-6.900163857148325405e+03
-6.902244402613502643e+03
-6.901005438777763629e+03
-6.898063314112047010e+03
-6.900639414696585845e+03
-6.907141430209519967e+03
-6.901663035690564357e+03
-6.900618856347808105e+03
-6.903163711312097803e+03
-6.899171850213334437e+03
-6.903246477261080145e+03
-6.901065418312817201e+03
-6.901887247263390236e+03
-6.899247256185735750e+03
-6.900671024547264096e+03
-6.899209167963858818e+03
-6.897751508128285423e+03
-6.896997954123118689e+03
-6.899974411713388690e+03
-6.902561631117585421e+03
-6.901661694643362353e+03
-6.898954897203334440e+03
-6.900385818750758517e+03
-6.901103670122398398e+03
-6.904463596893049726e+03
-6.898426180869792915e+03
-6.901549707935119841e+03
-6.899272334339890222e+03
-6.899334889286345060e+03
-6.900070402736362666e+03
-6.899827230766911271e+03
-6.903309773611064884e+03
-6.901933156829565633e+03
-6.904458992628858141e+03
-6.905599464666229323e+03
-6.904041617633934948e+03
-6.901787251431642289e+03
-6.901077803312835385e+03
-6.901674518295250891e+03
-6.900754014313965854e+03
-6.899197390822689158e+03
-6.899856169858992871e+03
-6.897971356902370644e+03
-6.904721890392789646e+03
-6.897824699226014673e+03
-6.901994455067274430e+03
-6.900710780251643882e+03
-6.901778757875243173e+03
-6.900997358968830667e+03
-6.906167377404003673e+03
-6.905841627182920092e+03
-6.898336341886369155e+03
-6.897602447318430677e+03
-6.899724743351018333e+03
-6.900208325023818361e+03
-6.898509275669820454e+03
-6.898374848147296689e+03
-6.899928764040384522e+03
-6.900874020765380010e+03
-6.900416170066738232e+03
-6.901314274814812052e+03
-6.902251965230141650e+03
-6.900855822547282514e+03
-6.897970490781516673e+03
-6.900848142115218252e+03
-6.899836185773906436e+03
-6.899127981336457196e+03
-6.905706869109553736e+03
-6.898920537245560809e+03
-6.899873282301256040e+03
-6.901760565339791356e+03
-6.897903793580886486e+03
-6.902670956552603457e+03
-6.899117086279976320e+03
-6.902429382548842113e+03
-6.900544672333935523e+03
-6.905683902478580421e+03
-6.901095530586433597e+03
-6.900314746618304525e+03
-6.899110025472955385e+03
-6.901383722563786250e+03
-6.900912727895759417e+03
-6.901092691303681022e+03
-6.898759337319680526e+03
-6.898527901206755814e+03
-6.898294767224350835e+03
-6.899356002518374225e+03
-6.904421736627335122e+03
-6.901792792632444616e+03
-6.900232334371926299e+03
-6.899576310342483339e+03
-6.902118349028602097e+03
-6.899125183571320122e+03
-6.903897303879741230e+03
-6.899911323817590528e+03
-6.897557531684388778e+03
-6.899428372580274299e+03
-6.899155355395228071e+03
-6.900816181768719616e+03
-6.899107866235227448e+03
-6.899381731751072039e+03
-6.899377874496446566e+03
-6.901238344050381784e+03
-6.898605329339668060e+03
-6.903034280316830518e+03
-6.898294655243768830e+03
-6.899173151755021536e+03
-6.900867669936204038e+03
-6.903299509505268361e+03
-6.899436925321127092e+03
-6.901691762593298336e+03
-6.897733925370653196e+03
-6.899830913261953356e+03
-6.898772974910939411e+03
-6.899770242908365617e+03
-6.900968912528581313e+03
-6.900236898586706957e+03
-6.900227805148835614e+03
-6.899096301436371505e+03
-6.898259254333466743e+03
-6.900652901316118005e+03
-6.905875240587236476e+03
-6.902762646147641135e+03
-6.899104333103648969e+03
-6.902459487289146637e+03
-6.900743400302400914e+03
-6.902204841904466775e+03
-6.901464510212219466e+03
-6.903199952066775950e+03
-6.903214787427274132e+03
-6.901223845619514577e+03
-6.898319163851360827e+03
-6.901910678684080267e+03
-6.899924101525566584e+03
-6.899264107821247308e+03
-6.898702294935935242e+03
-6.898073213155877966e+03
-6.899490409277500476e+03
-6.898348562497524654e+03
-6.900782092310342705e+03
-6.902965267608325121e+03
-6.901463816699528252e+03
-6.898328676363151317e+03
-6.898654427373796352e+03
-6.904262460059871046e+03
-6.898784709827483312e+03
-6.898698666895267706e+03
-6.900473408056944209e+03
-6.899019163853713508e+03
-6.901202260147250854e+03
-6.898218847564894531e+03
-6.900850177203884414e+03
-6.902777554001109820e+03
-6.903819653681089221e+03
-6.901320904124801928e+03
-6.898552560711878868e+03
-6.898176037503605585e+03
-6.899769109371040031e+03
-6.900990357062640214e+03
-6.901398878575201707e+03
-6.902583071781197759e+03
-6.901515404956911880e+03
-6.899977670190884055e+03
-6.901277398222353440e+03
-6.899369162329791834e+03
-6.900342117976252666e+03
-6.900412316363283935e+03
-6.898402179289371816e+03
-6.897790092616967740e+03
-6.901771179159783060e+03
-6.899193239401891333e+03
-6.897881393900208423e+03
-6.900314687691568906e+03
-6.900005387562161559e+03
-6.898869153988485778e+03
-6.902526296418716811e+03
-6.900649202447081734e+03
-6.899410229466866440e+03
-6.899247932516071160e+03
-6.898577700218169412e+03
-6.907678822392903385e+03
-6.897570582283971817e+03
-6.898463094661459763e+03
-6.901757185729109551e+03
-6.898248201942073138e+03
-6.903489363080910152e+03
-6.900050790461144061e+03
-6.898546151274477779e+03
-6.898907143160157830e+03
-6.900091923103418594e+03
-6.905238326870047786e+03
-6.899069377349544993e+03
-6.900890137077350118e+03
-6.901613879898412961e+03
-6.902284145196437748e+03
-6.898310287677272754e+03
-6.906293756579092587e+03
-6.901934101441707753e+03
-6.903831829134898726e+03
-6.901618366206264909e+03
-6.901337412651119848e+03
-6.900666365287668668e+03
-6.897990898876633764e+03
-6.899426536744658733e+03
-6.901685637223670710e+03
-6.900600685391385014e+03
-6.903223481480605187e+03
-6.902912558964942036e+03
-6.900884026666956743e+03
-6.898267965674727748e+03
-6.900952820061497732e+03
-6.901228263249631709e+03
-6.900308391119165208e+03
-6.897718787332712964e+03
-6.899429039830416514e+03
-6.899855637098246007e+03
