-4.235102103050122579e+00
-4.255657611018618169e+00
-4.287969702950890749e+00
-4.683965827410634830e+00
-4.705912656263224747e+00
-5.043139121264145430e+00
-7.034459903887393395e+00
-4.855133312682816893e+00
-5.825799415751219179e+00
-4.385511136844105096e+00
-5.809285925321157507e+00
-7.409773202253163049e+00
-4.318866122095890603e+00
-5.040852331455978330e+00
-6.085534486725848957e+00
-5.216568535420698538e+00
-4.177307972513594869e+00
-6.023796919259952531e+00
-4.343568111144163524e+00
-4.524788125266386629e+00
-4.163283143847198886e+00
-4.422146592500513229e+00
-4.162221659754064440e+00
-4.208137774687330968e+00
-4.201686272696530722e+00
-4.210069767599589063e+00
-4.171558227716536393e+00
-4.403164008572727717e+00
-5.472654709449471966e+00
-4.179724220975470139e+00
-4.901004859860977447e+00
-4.254592441117580393e+00
-4.175381285656358799e+00
-4.814860105154135539e+00
-5.532555104273049196e+00
-4.343975609591179676e+00
-4.168564463948658094e+00
-5.291751532211233844e+00
-4.313252494387922908e+00
-4.843203873898912271e+00
-4.333374385976207499e+00
-4.160724081595969182e+00
-4.529982862045519809e+00
-4.463249547282019947e+00
-4.164352273432980311e+00
-4.332283692214876858e+00
-4.174175529233375315e+00
-4.190690576066934625e+00
-4.508780127777579416e+00
-4.220962092611637573e+00
-5.231606021594055633e+00
-4.416832162961813246e+00
-4.242373634899685442e+00
-6.399875307238054312e+00
-6.679430332205663845e+00
-4.799634906983209603e+00
-6.424132580702252682e+00
-4.871351942435298454e+00
-4.257814577641951814e+00
-4.171358394189771168e+00
-4.379446264441174463e+00
-4.259686044246972614e+00
-5.912922902755994414e+00
-4.806203492633583707e+00
-4.220799206809197734e+00
-4.230272084102645103e+00
-5.110340734644615246e+00
-4.170180925129496785e+00
-4.265352491735995066e+00
-4.724139883814448382e+00
-4.718405133921975469e+00
-4.168949413143487881e+00
-4.906811061640913962e+00
-4.576405020063389451e+00
-4.419449425691751365e+00
-4.709418667852970586e+00
-4.213972053651535710e+00
-5.582876373890682586e+00
-4.310531204299831387e+00
-4.671714756359875764e+00
-4.308058581285641786e+00
-4.334998123812044746e+00
-4.180710206043887212e+00
-5.703001793319712576e+00
-4.178084806947109264e+00
-4.583813228550613239e+00
-4.260350919525937030e+00
-5.440713286799498505e+00
-5.835359989935397174e+00
-4.318392828514236115e+00
-4.687838602701341451e+00
-4.246923177632877966e+00
-4.286579380256540617e+00
-4.506508371234120069e+00
-5.886925200923055712e+00
-4.161194736146835105e+00
-6.310838429341243838e+00
-5.272199875073814823e+00
-4.568494936661977590e+00
-5.630885164713898661e+00
-4.191772418601915184e+00
-4.672159848720631281e+00
-5.147432788157027872e+00
-5.313301679903888797e+00
-5.563871422303769521e+00
-4.339088942502517199e+00
-5.263372217646902662e+00
-4.352869767131853251e+00
-4.298986876670493729e+00
-4.975940780698930865e+00
-4.713625642633542334e+00
-4.261645122914432982e+00
-5.575959847147466952e+00
-4.165895028322982974e+00
-5.398794714816953721e+00
-4.350062655216291319e+00
-4.581848332471463614e+00
-5.271176291586058937e+00
-4.160578024960532417e+00
-6.082055423438397668e+00
-4.419160761288827288e+00
-5.518718683546448567e+00
-5.133839211857179841e+00
-6.613936911110825712e+00
-4.354095572521774926e+00
-4.418768256283462037e+00
-4.519163138338195829e+00
-4.185343077569035231e+00
-4.248939793822142263e+00
-4.173961873524882904e+00
-4.160641679643514834e+00
-4.507487290709849326e+00
-4.930903632605959430e+00
-4.247661546286738421e+00
-5.006958379784014923e+00
-4.468921135858217042e+00
-5.543086801582178147e+00
-4.169045290471959930e+00
-4.163444546695487247e+00
-4.267698385678066586e+00
-4.160379593307762747e+00
-4.277837510464724602e+00
-4.502125688510590251e+00
-4.883270317326372734e+00
-4.380039024004648951e+00
-4.168020407700288033e+00
-4.219135482177018837e+00
-4.810492297093080794e+00
-5.540773862536646277e+00
-4.161615011086795768e+00
-4.271426598378458728e+00
-4.569041606513296827e+00
-5.005432547963909684e+00
-4.161334103739044110e+00
-4.509774878050734515e+00
-4.171434834348216825e+00
-4.324219432820020970e+00
-5.445470687637457452e+00
-4.677010136108105343e+00
-4.678761107069193237e+00
-4.175568884436652972e+00
-4.160825053517135608e+00
-4.706194037505000871e+00
-4.944736476875885245e+00
-4.170369998358740560e+00
-5.284353857629415785e+00
-4.990751150542512171e+00
-4.250693235889865029e+00
-4.227656050598931792e+00
-4.513405027489722166e+00
-5.398578237098352162e+00
-4.714485731368156074e+00
-4.165271406081610728e+00
-6.704253177083458581e+00
-4.278556490721307171e+00
-4.163266965102033978e+00
-4.689719025040231415e+00
-4.898579979741991330e+00
-5.796039456965582204e+00
-4.204895184635191185e+00
-4.273203546583948409e+00
-4.574009560698389265e+00
-6.590349018189922248e+00
-4.229593997385501680e+00
-4.349661634570971103e+00
-4.613493027970647198e+00
-4.236910078335951013e+00
-4.232637640565522830e+00
-4.197969605143210714e+00
-5.128168763392450202e+00
-4.524961679316375829e+00
-4.394193882680651697e+00
-4.577171906000368828e+00
-4.394649425030705103e+00
-4.389872684601158426e+00
-4.512340825738901273e+00
-4.289729354541711004e+00
-4.909775438694691019e+00
-4.160327526188256186e+00
-4.339772892845994434e+00
-6.961945891368832129e+00
-4.814083245367910990e+00
-6.050542536803298788e+00
-4.402617051664030612e+00
-4.199604698281015125e+00
-4.400818650942944110e+00
-4.300568810309232326e+00
-4.175203965237181514e+00
-4.668286431679531390e+00
-4.509442515081838465e+00
-4.255781538358347049e+00
-7.671744588876837412e+00
-4.470499880771857448e+00
-4.654923139597170412e+00
-4.514622363676789263e+00
-4.326835487487510790e+00
-4.199309852242652852e+00
-4.916174169772746794e+00
-4.390270731454218200e+00
-4.750517495559527070e+00
-4.503329458074219360e+00
-4.189176849756504950e+00
-4.279750326487091527e+00
-4.239878921753612140e+00
-4.844267764877168148e+00
-5.074232717102381329e+00
-5.122604188751159526e+00
-4.517620893256575343e+00
-4.198619693346930859e+00
-4.244751429480929872e+00
-4.394304492721115452e+00
-4.160365925823617417e+00
-4.407746064832562816e+00
-4.205696795768720797e+00
-4.423002843732779965e+00
-5.081858133474261408e+00
-4.899485340918403153e+00
-4.752976764489716288e+00
-4.272393521247899173e+00
-4.161306123843460547e+00
-4.412333146730937017e+00
-4.454703806895988549e+00
-4.164616661113325513e+00
-4.439061767602370701e+00
-4.175917488503793962e+00
-6.323799894398606014e+00
-4.160264279617077676e+00
-4.240279955339733675e+00
-4.210224617811606507e+00
-4.283139193954633051e+00
-4.208952354232783577e+00
-4.904585988674617703e+00
-4.395757376657151383e+00
-4.333996597664089734e+00
-4.220641414085497978e+00
-4.253592958294607485e+00
-4.647326648555972994e+00
-6.169093152561261562e+00
-4.898474900526164078e+00
-4.218806896853803501e+00
-4.185138649040290204e+00
-4.185404172609871409e+00
-4.162135180815062618e+00
-4.161993004659577444e+00
-4.163172890824287542e+00
-4.161173198264783935e+00
-4.220945423715948053e+00
-4.970155672926097168e+00
-4.169631237216154140e+00
-4.300143643392584814e+00
-4.364930915663287614e+00
-4.388248148903219459e+00
-4.319428652712347549e+00
-5.919550078107413071e+00
-4.162738869797820485e+00
-5.205250102708967930e+00
-4.539700989756989991e+00
-5.055795274168196407e+00
-4.423371292273757582e+00
-5.193713249885873573e+00
-4.247609869303613728e+00
-4.163672606527077491e+00
-4.970321519211849726e+00
-4.177508345819571645e+00
-5.197234187829078422e+00
-4.163502164984256737e+00
-4.579025224384331239e+00
-4.426313248429215363e+00
-5.209061629017482709e+00
-4.258806621436993289e+00
-5.211311056949440967e+00
-4.370823214870034334e+00
-4.856699862650350141e+00
-5.916934440241938375e+00
-4.879200785671006457e+00
-4.324422143800135565e+00
-4.277649360890199759e+00
-4.607253503558830232e+00
-5.087747734338149641e+00
-4.462187329244584610e+00
-6.027842832625815106e+00
-4.711997197207056232e+00
-4.520376628207396053e+00
-5.362647220314732621e+00
-4.343636939930441976e+00
-4.263027064573387648e+00
-4.567953283697633537e+00
-4.239471242981592169e+00
-4.368924525799310565e+00
-4.988851274515743839e+00
-5.070930947197346050e+00
-4.373495600930084493e+00
-4.184048281783804946e+00
-5.758174180852556390e+00
-4.344865484755511709e+00
-4.176936187652255938e+00
-4.655719155116452512e+00
-4.677058485174607760e+00
-4.160274795694237859e+00
-4.305972049123357515e+00
-4.715269210739839068e+00
-4.530922219675781903e+00
-4.382799644306960118e+00
-4.856899129186662556e+00
-4.757626918433834007e+00
-4.535888602057301711e+00
-4.173192660719423408e+00
-5.215881818151139271e+00
-4.164906704818895911e+00
-4.210119076165055318e+00
-4.164834858664312911e+00
-4.760304055395685907e+00
-4.462561490391834695e+00
-4.258837049875571878e+00
-4.213355412167606673e+00
-5.121000297017342717e+00
-4.839889959780466100e+00
-4.231966581190561350e+00
-4.402818771511919138e+00
-4.510366931209121688e+00
-4.177704866034079423e+00
-4.436313685547307983e+00
-4.165328587414560246e+00
-4.272848006074145388e+00
-4.349397198345291926e+00
-5.831810742726441177e+00
-4.286909004422239988e+00
-5.331536529297196125e+00
-4.361223764357935018e+00
-4.160482945748339212e+00
-4.167323218999021250e+00
-4.447502295611632128e+00
-4.989424224674786856e+00
-4.320222896832307313e+00
-5.726030397601458155e+00
-4.510048732164440466e+00
-4.162096792291952063e+00
-5.572311906164068240e+00
-4.694704994525565667e+00
-4.266025625076657057e+00
-4.397827105407041692e+00
-5.973015089361705776e+00
-4.200412014662125770e+00
-4.390672657744395302e+00
-4.499155145681071666e+00
-4.188498995320854235e+00
-4.192664985059989746e+00
-4.165983367301746121e+00
-4.509220265901467961e+00
-4.189234441178700585e+00
-4.477093605001529752e+00
-4.431430287977557114e+00
-4.207290971509928035e+00
-4.163183723709299677e+00
-4.624688610215503815e+00
-4.528972800461987802e+00
-4.179913055800900779e+00
-4.526617534099612428e+00
-5.167009699171178028e+00
-4.824811193475827764e+00
-4.646077597049923291e+00
-4.165087427750427729e+00
-4.612987143093731923e+00
-4.195007010456768271e+00
-5.278468552366364364e+00
-4.196319796788270828e+00
-4.286761563842723888e+00
-4.781278689477911570e+00
-4.328126270469939918e+00
-4.576431178463163718e+00
-4.563954016851601736e+00
-4.325829677839744036e+00
-4.233832083698887416e+00
-4.372951922680481829e+00
-5.498909678045723837e+00
-5.618056387314142697e+00
-4.787239389017248214e+00
-8.082788781421793800e+00
-4.217642294552307547e+00
-4.171418173926708661e+00
-4.211631908799365220e+00
-4.444232794859172664e+00
-4.564218450253900272e+00
-5.211612563695944722e+00
-4.317941872212210264e+00
-4.783702368687228201e+00
-4.370351563340305390e+00
-4.669924368142184257e+00
-5.519273640018329985e+00
-4.338641983669818458e+00
-4.162888598195142009e+00
-4.199518699083959916e+00
-4.707448062290035651e+00
-4.163851221762604915e+00
-4.262781240960987539e+00
-4.207999059546422949e+00
-4.200788863637548332e+00
-8.421874187938312772e+00
-4.527119509203871850e+00
-4.210895238640917526e+00
-4.724970652490278589e+00
-4.224932988388539812e+00
-5.541815522779046432e+00
-4.311418553779640561e+00
-4.816596487320298436e+00
-4.164722998418049826e+00
-4.409536477566651236e+00
-8.688060124999392286e+00
-4.440068090100956155e+00
-4.173403588518497465e+00
-4.326080003000702945e+00
-5.079852875807292278e+00
-5.350227433723253156e+00
-4.509009320353157158e+00
-4.172530805119677666e+00
-4.222613689592781938e+00
-5.299228979625059566e+00
-4.193175665989914869e+00
-4.416873894850985138e+00
-4.237829115472243835e+00
-4.640105280427670564e+00
-4.397100762076432190e+00
-4.366732396716502151e+00
-5.453211822371373252e+00
-4.509619280718514922e+00
-5.638461664674613516e+00
-4.216100640047515391e+00
-4.175754479353599891e+00
-4.218898550470141728e+00
-4.770332793578121233e+00
-4.610800532042407696e+00
-4.478260637978441316e+00
-4.306006271755734360e+00
-4.167358011536423490e+00
-4.176437675706751840e+00
-4.162903082958297141e+00
-4.170064220242106323e+00
-4.653164838349408861e+00
-4.332331268912390954e+00
-5.001197564434526122e+00
-4.215049906163743643e+00
-4.427132739646522097e+00
-4.167021582952163961e+00
-4.187784675585545457e+00
-4.186251049998850782e+00
-4.298501734400963059e+00
-4.590747150436000013e+00
-4.753288716790236457e+00
-4.484875100574741147e+00
-4.162808878101317056e+00
-4.368252215551529538e+00
-4.376130316829444311e+00
-4.221100875656722096e+00
-4.278852052296061359e+00
-4.189018921244805682e+00
-4.529999437449197863e+00
-4.166612070842980131e+00
-4.212269195620193862e+00
-6.697442334519560170e+00
-4.160881381142035984e+00
-6.534531709156732759e+00
-4.832436116215355071e+00
-4.451954167823881647e+00
-4.395857168223695766e+00
-4.407166983315146780e+00
-4.769258228873477279e+00
-4.324479728791565947e+00
-4.606606614052303428e+00
-4.603030969377556403e+00
-4.241874881586552348e+00
-4.182542245219414312e+00
-4.351937321612794562e+00
-4.540664739550211770e+00
-4.174711226011486254e+00
-6.020784662888432948e+00
-4.455306579699987779e+00
-4.225928224912292919e+00
-4.275611110348060073e+00
-4.851342069193163020e+00
-1.116977815674485264e+01
-4.524117975817784298e+00
-4.698741971457425670e+00
-4.876764109419861271e+00
-4.567050646504187128e+00
-4.160957675508715425e+00
-4.216771498399191742e+00
-4.234507537901752272e+00
-4.211784355363030308e+00
-4.351454038301428184e+00
-4.206866149401911059e+00
-4.295236524205438222e+00
-4.164204546802234397e+00
-4.311607580344427149e+00
-4.884956127833176787e+00
-4.182647447234666416e+00
-4.224898202018948723e+00
-6.157814347971671154e+00
-4.560775229200775271e+00
-4.164453275000353116e+00
-4.230107311411974713e+00
-4.340550132015246199e+00
-4.167107173223867811e+00
-4.247381216789348102e+00
-4.345988223688690866e+00
-4.282746845778574674e+00
-4.211320064726307599e+00
-4.173935319762970941e+00
-4.224057060244284401e+00
-4.242004596508773595e+00
-4.734799952519284538e+00
-4.303228284647142132e+00
-6.561574302035415585e+00
-4.514914573479908100e+00
-5.373857891715771551e+00
-4.178805009195443176e+00
-4.338708295895305156e+00
-4.256005807465461643e+00
-4.213211855560661689e+00
-4.251153526245213143e+00
-4.216387335458041896e+00
-4.878332351674816714e+00
-4.185262906001803174e+00
-5.572066174358524471e+00
-4.186318180579591264e+00
-6.664983904831389694e+00
-4.160574020640424919e+00
-4.944323177457823348e+00
-4.497974961130780436e+00
-4.458720816299090117e+00
-4.309742220047165340e+00
-4.161211994128480640e+00
-4.546645506790802926e+00
-4.596441162634087085e+00
-4.192135632556155400e+00
-4.224828902443315215e+00
-4.161053043455657630e+00
-4.160264526166511878e+00
-4.574342411155411625e+00
-4.355973228145403553e+00
-4.162391443130623259e+00
-4.394581394273224362e+00
-5.593032922759527459e+00
-4.201599661409777475e+00
-4.562245898226522378e+00
-4.162153318901366639e+00
-5.129623739204806299e+00
-4.539458027817307340e+00
-4.186761798648769073e+00
-4.212474059754674371e+00
-4.643440668478966415e+00
-4.195528977241485435e+00
-4.236557412894069508e+00
-4.385305286239683298e+00
-5.089678962299704956e+00
-4.160646789746576424e+00
-4.192742478114585225e+00
-4.231359435175885864e+00
-4.418111047385925083e+00
-4.205527431183101683e+00
-8.165142353857842039e+00
-4.348499468697747616e+00
-4.379271369328520791e+00
-4.441191345535924206e+00
-4.161302798584640250e+00
-4.500981237180059935e+00
-6.724598701406303114e+00
-5.520854019744381169e+00
-4.241322622064561898e+00
-4.163437446199490743e+00
-4.275367632165413490e+00
-4.162064437904891889e+00
-4.160427326041810758e+00
-4.622711519870483343e+00
-5.463304330062201508e+00
-4.894860271575256050e+00
-4.287759567652335235e+00
-5.261717624993119458e+00
-4.164888344776201734e+00
-4.229679846399128529e+00
-4.209201076846898815e+00
-4.228660753860708610e+00
-4.209734244459292896e+00
-4.221691396929564633e+00
-4.295914107288860251e+00
-4.275311420558876918e+00
-4.315273006204387585e+00
-4.741436643663094586e+00
-4.591940082014909663e+00
-4.227649681051937947e+00
-4.514101344302900998e+00
-4.594903685656548831e+00
-6.566389588511031050e+00
-4.726631682977384230e+00
-5.093943032345064736e+00
-4.219140696777897936e+00
-4.177874759576924113e+00
-4.259624303838766224e+00
-5.162516226386522078e+00
-4.290700913773399350e+00
-4.416834142194034030e+00
-4.298915301558874802e+00
-4.201461573574380992e+00
-5.340621042575055100e+00
-4.268983950671440653e+00
-4.879191002253087994e+00
-4.832350656544972978e+00
-4.381757167387815954e+00
-4.179387024049725952e+00
-4.165816755055303133e+00
-4.373558547827915532e+00
-4.202265735202504793e+00
-4.166300574761341302e+00
-4.914772348098727761e+00
-4.368551428714225082e+00
-4.704514320877493994e+00
-4.870247668866916513e+00
-4.269694162134943127e+00
-4.173678417598047474e+00
-4.330731417718741483e+00
-4.167029981154166229e+00
-4.160306887047184432e+00
-5.510840010504427511e+00
-4.346315109486677208e+00
-4.622068864350243445e+00
-4.347410224259374623e+00
-4.160934946231295228e+00
-4.316731955439775170e+00
-5.888995666817842256e+00
-4.191851361096224693e+00
-4.389098106354992979e+00
-5.007353991036229246e+00
-4.333321806126274822e+00
-4.905665317122887892e+00
-4.670138009920250077e+00
-4.161335660660602009e+00
-4.319322362441416985e+00
-4.202857473375097186e+00
-4.413696917735482117e+00
-4.433975481492462123e+00
-4.222112121237977078e+00
-4.160877756976310238e+00
-5.148154296349989778e+00
-4.176546506026923566e+00
-4.236991861870727405e+00
-4.332200914105249545e+00
-4.473443719017083708e+00
-4.348748552811145807e+00
-5.749582542685955922e+00
-4.171117992917407591e+00
-4.580578138820582623e+00
-4.789888414793072258e+00
-6.077366066741015871e+00
-4.178609359545843560e+00
-4.170949534221758626e+00
-5.950816986392471364e+00
-4.680493431250544845e+00
-4.271856630957618250e+00
-4.243915285224320932e+00
-4.293501478615081801e+00
-4.166181349423759173e+00
-4.555337869956792574e+00
-4.991856799968489966e+00
-4.302480584393994612e+00
-4.274653312037053787e+00
-4.434493123134441994e+00
-4.167018950540171573e+00
-4.204738908224601168e+00
-4.166982525301786922e+00
-4.195865752547035754e+00
-4.815304735256386692e+00
-4.286687319752985559e+00
-4.523549100239013576e+00
-4.508170678114771235e+00
-4.240088135782945855e+00
-4.161921114229349072e+00
-4.338966379925330408e+00
-5.221774865543565625e+00
-4.448716377330643290e+00
-4.753034328086332749e+00
-5.014839644229528659e+00
-4.522535124462171652e+00
-4.218110727291146667e+00
-5.657622855760173763e+00
-4.809083632685512200e+00
-4.278112824638254708e+00
-4.852054658715397650e+00
-4.744133657507434876e+00
-4.290658449354962656e+00
-5.181907812151699488e+00
-6.171005341983017090e+00
-4.647066275909763178e+00
-4.430414184087425156e+00
-4.367056679957558529e+00
-6.212859946702709024e+00
-4.612384917063996781e+00
-4.182632585754366694e+00
-4.305965836911621381e+00
-4.883419564408921332e+00
-4.342275855398760598e+00
-5.951266542021486750e+00
-4.176471022035222802e+00
-4.160266234740867652e+00
-4.602001721445378557e+00
-4.167150060941856360e+00
-4.351601725366825768e+00
-4.161533324531404787e+00
-4.227692962530023024e+00
-4.374384014953243138e+00
-4.181457064327496198e+00
-5.552011631943550185e+00
-4.950322622058367372e+00
-4.206606342356552730e+00
-4.318309841296225748e+00
-4.174584476881713080e+00
-4.275465603982647522e+00
-4.850299619177898869e+00
-4.353669742817615429e+00
-5.663460674772567316e+00
-4.770168127901371236e+00
-4.455979715142715847e+00
-4.781368153083784378e+00
-4.160264166946049613e+00
-4.173617455163802781e+00
-5.231367248797578640e+00
-4.226127059917242690e+00
-4.579305760241439316e+00
-4.562260676757508016e+00
-4.234924584613603216e+00
-5.401372744125527703e+00
-4.304223257811845116e+00
-4.201265308326592063e+00
-4.169858820466368243e+00
-4.213284691327479514e+00
-4.497519068371502726e+00
-5.585133867779427774e+00
-5.747402415143757715e+00
-4.977993770965136733e+00
-4.205045638079018211e+00
-4.204826370160999360e+00
-4.932192529161955719e+00
-4.161216417919308519e+00
-7.172187457169923341e+00
-4.240034571331857016e+00
-4.823945886308164788e+00
-4.398519701978829133e+00
-4.239276698669544707e+00
-6.088037909178735774e+00
-4.490734108355256993e+00
-6.731742851805739392e+00
-4.242390621509899873e+00
-4.223271756877369221e+00
-4.164970567379366884e+00
-5.034766218052265430e+00
-4.171978430827904205e+00
-4.190561932866435413e+00
-4.160279144170392129e+00
-4.218683867794974063e+00
-4.161069615531049593e+00
-4.160588447933147194e+00
-4.206779937439234729e+00
-4.161789656612231880e+00
-4.256329250431585720e+00
-5.331822941492493584e+00
-4.161429899380072683e+00
-5.862846240278383192e+00
-4.185616589650835273e+00
-4.536961051887811180e+00
-4.492154198284712407e+00
-4.263130359182103035e+00
-6.078568719233145679e+00
-6.713746947031458134e+00
-4.495385460423777957e+00
-4.286987305315063779e+00
-5.207984951485364888e+00
-4.482955540023498386e+00
-4.328419897443845699e+00
-4.988429125743309100e+00
-4.167127645344977260e+00
-4.354903363975587638e+00
-4.184892781492527192e+00
-4.173783656817567689e+00
-4.639373956049045233e+00
-4.304043584434804615e+00
-4.578317905293150858e+00
-4.284787906860819895e+00
-4.204397276155260599e+00
-5.493051241586597300e+00
-4.190892399285873537e+00
-4.169686161039257932e+00
-4.362140577136574215e+00
-4.160552660345848253e+00
-4.175452019200463383e+00
-4.294216169739371480e+00
-5.019449140155412437e+00
-6.094818476927317263e+00
-4.301871637641355051e+00
-4.272176198886215914e+00
-4.214874988077928819e+00
-4.774224481262479003e+00
-4.324911176022423476e+00
-4.191348439135739845e+00
-4.455569823154706732e+00
-5.063984549144656455e+00
-4.190472258371505276e+00
-4.202293376974624906e+00
-5.472194039995965653e+00
-4.276934910762333786e+00
-4.545057477417230096e+00
-4.170866656729446120e+00
-4.169240168234504829e+00
-4.266877615136531965e+00
-4.390625612242907927e+00
-4.216132557590890784e+00
-5.674677299658520191e+00
-4.381076648689485431e+00
-4.392956355949904079e+00
-4.824994737316069759e+00
-4.163534641592368857e+00
-4.204714050903769262e+00
-4.679238530016148090e+00
-4.747371321139729261e+00
-5.026873254403764868e+00
-5.181867775418607991e+00
-4.246430761465764370e+00
-4.162966956212997616e+00
-4.190073701648239890e+00
-4.515993177924871205e+00
-5.571677480701588081e+00
-5.558212128218698922e+00
-4.710973116331489408e+00
-5.140196121700058463e+00
-4.314832443444864829e+00
-4.174884429327652136e+00
-4.914237970747565853e+00
-4.890886300504147854e+00
-6.116127439664468035e+00
-4.166175927070455920e+00
-4.504925564760265289e+00
-4.269285965397367377e+00
-4.445773056257958267e+00
-4.235486445824948376e+00
-5.346068694918686859e+00
-4.169187429206291817e+00
-4.926337937881111628e+00
-4.486170564968506191e+00
-4.268679645725271143e+00
-4.396441966815560320e+00
-4.206534822873170043e+00
-4.289562151521902678e+00
-6.559143883888760129e+00
-4.577204418443159284e+00
-4.466001809426494162e+00
-4.654546433620416757e+00
-4.271019684846203646e+00
-4.653329501232859045e+00
-5.006609614013812326e+00
-4.387185960571065024e+00
-7.958624397385291260e+00
-6.325869168922508834e+00
-4.193208240377373386e+00
-5.743781984017319431e+00
-6.357674402705118410e+00
-5.242218119105090501e+00
-4.160638730581496247e+00
-4.248156751133877584e+00
-4.369347738321234687e+00
-4.217437105918119045e+00
-5.982760776313501339e+00
-5.370582006616719362e+00
-4.249097165836939638e+00
-4.196704262801556062e+00
-7.572512438124100242e+00
-4.806017570600742417e+00
-4.182946357842946661e+00
-4.418853954385409288e+00
-4.825372662859335193e+00
-4.606045809500006527e+00
-4.163243422348449130e+00
-4.162585247645047559e+00
-4.164612842979927620e+00
-4.199546927226387893e+00
-4.452225543191387302e+00
-4.208656592356128101e+00
-4.346681562126002873e+00
-4.173343460835215346e+00
-4.456824208485268279e+00
-4.744096387384611369e+00
-4.205548063193058184e+00
-4.318762393103269481e+00
-4.505109577025666390e+00
-4.164525877517672114e+00
-4.882304488287976696e+00
-4.369315670590488310e+00
-4.219741604760958609e+00
-4.305227405407855201e+00
-4.262158078467175315e+00
-4.338684622807230440e+00
-4.166496461349067815e+00
-4.279337091894878320e+00
-4.611312932463622616e+00
-4.169693275438213220e+00
-4.296396294344478228e+00
-5.307448933217919773e+00
-4.696338998969692646e+00
-4.161669741208014806e+00
-5.500964491436384662e+00
-4.890094999441087609e+00
-5.183641991427491824e+00
-4.486894922221390303e+00
-4.300497270846483033e+00
-6.405952042348723730e+00
-4.170402085228378297e+00
-4.184650060705616959e+00
-4.309469618926945245e+00
-4.567663321993753911e+00
-4.220152631501584040e+00
-4.200688237718432028e+00
-4.753762666761550015e+00
-4.333304162434573392e+00
-6.375690989508466799e+00
-4.224176388032025109e+00
-4.867933210295488422e+00
-5.097840751001363024e+00
-4.323579933800808739e+00
-4.525741356818292260e+00
-4.337103132157997365e+00
-5.680274975729402875e+00
-4.255623317194020316e+00
-5.192658204305110381e+00
-4.411355744508653309e+00
-4.297430190682193007e+00
-5.041954706770731320e+00
-4.262029366086984794e+00
-4.177907411207444355e+00
-5.790854534826588740e+00
-4.271938898891396441e+00
-6.041951356133423268e+00
-4.171001563114980826e+00
-6.144187828346324487e+00
-4.511496961064665356e+00
-4.161660157925740400e+00
-4.589757800685755562e+00
-6.743052593201001699e+00
-4.160633402856296570e+00
-4.317093753324121153e+00
-4.595298361683596511e+00
-4.226141728363296934e+00
-5.602772212043658051e+00
-4.559663663623386043e+00
-4.171596499384270018e+00
-4.183132245131558236e+00
-4.691914139353634994e+00
-4.472174691144290115e+00
-5.061303816116213383e+00
-4.259716026361010321e+00
-4.526317803269161111e+00
-4.894154967408471890e+00
-4.362900607102146111e+00
-4.225023868833320151e+00
-4.189960725879150694e+00
-5.502257681768427666e+00
-4.194444773353113831e+00
-5.362585524343945309e+00
-4.449270789657461478e+00
-4.378669657207320043e+00
-4.364498532495373340e+00
-4.231563143477109712e+00
-4.164248684526558719e+00
-4.197878374102478105e+00
-4.227551994635321719e+00
-4.960491100479194060e+00
-4.161703365105751118e+00
-4.181703096995912361e+00
-4.160978909387327285e+00
-5.905324496981581461e+00
-4.975047631882519639e+00
-4.331146161304460840e+00
-5.394271836883571147e+00
-5.724826271139715317e+00
-5.368871026076826425e+00
-4.201376834368986124e+00
-4.165110374721081143e+00
-4.414310033560729707e+00
-4.911896032552345304e+00
-4.161915280601221845e+00
-4.524059335315901542e+00
-5.034079577644220649e+00
-4.353803225132852006e+00
-4.169979024636757181e+00
-5.870567760600445162e+00
-4.257125261948885964e+00
-4.343909470221821501e+00
-4.166336486724832255e+00
-4.215165037845495455e+00
-4.372440852114579890e+00
-4.176706278045814180e+00
-4.992126105841659722e+00
-4.337697064779689526e+00
-5.879413386714674061e+00
-4.168888790738283667e+00
-4.574360221138333849e+00
-4.260086683330057689e+00
-4.254803038858726794e+00
-6.553205970926306634e+00
-4.375445487242867415e+00
-4.193751432731652962e+00
-4.213939867010269680e+00
-4.259994036190546396e+00
-4.892737145195560799e+00
-4.190743740207032886e+00
-4.488602441517505426e+00
-4.536186354566087431e+00
-4.904229390228599605e+00
-4.172772795114195077e+00
-5.312305270204980445e+00
-4.443162879938530985e+00
-5.948575456405842843e+00
-4.545129842080198657e+00
-4.242853684096688838e+00
-4.163798155652074229e+00
-4.445809032262452831e+00
-4.614882632179775790e+00
-5.737244711678361142e+00
-4.562128494481985541e+00
-4.719515781230560592e+00
-4.561329100097443856e+00
-4.177953626530120701e+00
-4.369607352467833827e+00
-5.814665082675826824e+00
-4.360580243955140212e+00
-4.290341458610284597e+00
-4.188900471786478619e+00
-4.169377372758682476e+00
-5.199013323490911276e+00
-4.983534721300951098e+00
-4.387456378296227477e+00
-4.169908433948482873e+00
-4.748752091008274334e+00
-5.321441800993291338e+00
-4.712897959960358207e+00
-4.367251375935204294e+00
-4.279813219697993887e+00
-4.164229108662437007e+00
-5.369103443211765025e+00
-5.137020250200693638e+00
-4.163877618328034380e+00
-4.300704222709181401e+00
-4.234716313291203349e+00
-4.601856738867679653e+00
-4.292917229626760367e+00
-4.201158181261111402e+00
-4.187350297835120472e+00
-4.282469970697868611e+00
-5.979326617884939132e+00
-6.520989682487481787e+00
-4.172219841270616847e+00
-4.552278320325408245e+00
-5.409470211580030607e+00
-4.232881345303360909e+00
-4.160444867992405094e+00
-4.186002749745420637e+00
-4.199674511532988319e+00
-4.436952856919729626e+00
-4.445759266581496227e+00
-4.170700004912928804e+00
-5.014546929875210779e+00
-4.206883553430326828e+00
-4.210606794686316157e+00
-4.207802230186882042e+00
-4.302883686921992634e+00
-4.535177023545844399e+00
-4.204780770898330466e+00
-4.819780956220593993e+00
-5.235505911278851343e+00
-4.164315447142470816e+00
-4.163959940017253558e+00
-9.177728239633164975e+00
-4.416761302516420074e+00
-5.036071549183407825e+00
-4.391723063310569941e+00
-4.792533847148147785e+00
-4.280633557952850055e+00
-4.438717765250443037e+00
-4.388746792332411495e+00
-5.044442990263556581e+00
-4.171161715519897228e+00
-4.575218653906344635e+00
-4.163489965569924678e+00
-4.274699609004428247e+00
-4.293960921530230124e+00
-5.647802989206972768e+00
-4.161790340439542213e+00
-4.207287614697889921e+00
-4.265569964777974121e+00
-4.612173177578601013e+00
-4.167267249380366856e+00
-5.048887326007075238e+00
-4.380723854769557057e+00
-4.161907199445869843e+00
-4.167601304245312832e+00
-4.832103160868952862e+00
-4.191788835491236043e+00
-4.170785100602235396e+00
-4.188221838187555335e+00
-4.187684725131259889e+00
-5.071886119144830118e+00
-4.194936203583559120e+00
-4.437660305278368966e+00
-5.967004163769626501e+00
-4.246518458941229035e+00
-4.379178453080168509e+00
-4.666745124560579328e+00
-4.948910056450111838e+00
-4.765486939768566188e+00
-6.555975198983940544e+00
-5.130772666719401798e+00
-4.212056408820137321e+00
-4.635959714623329120e+00
-4.224832454428645967e+00
-5.584607309362300320e+00
-4.446792538292171137e+00
-4.439311746355212307e+00
-4.182027904563157428e+00
-4.352828035835108800e+00
-4.384549047893967710e+00
-5.592574096778553994e+00
-6.903458936522964606e+00
-4.398055187957114143e+00
-4.579949461087814200e+00
-4.596962612244998247e+00
-5.314549046109638297e+00
-4.161482051178989394e+00
-5.114380187940344769e+00
-4.673494851716892384e+00
-4.507939894360111666e+00
-4.474384248169616107e+00
-4.524091871011881594e+00
-6.504349312984968989e+00
-4.293779815713397063e+00
-4.175347420869332637e+00
-4.208266917867904411e+00
-4.859642135161539755e+00
-4.661860467347091586e+00
-4.188351610089051213e+00
-4.226001704460111696e+00
-4.185421268525207239e+00
-4.275474105245854695e+00
-4.674958926695710559e+00
-4.165167811291657252e+00
-8.362805184735769615e+00
-4.205762400066022977e+00
-4.528482132547659411e+00
-4.211136518886174684e+00
-4.197542117755238777e+00
-4.172734352913664679e+00
-5.530248024865663581e+00
-5.298512017232264171e+00
-4.681278748894840191e+00
-4.160310151843797044e+00
-5.276372496291813263e+00
-4.211601822091441960e+00
-5.233282560576871134e+00
-4.194861709539539518e+00
-4.203521146558880872e+00
-4.855025109799150584e+00
-4.463408681778160414e+00
-4.229499468147867702e+00
-4.372128691647117371e+00
-4.471515146764498461e+00
-4.180936245593297684e+00
-4.236627391098224393e+00
-4.322644475046239165e+00
-5.307624372421575032e+00
-4.940857348536939142e+00
-4.293031277941075530e+00
-4.177446210713463337e+00
-5.672425288093558393e+00
-4.603338571913609734e+00
-4.284682620953168097e+00
-4.609137566700361788e+00
-4.199710202138240867e+00
-7.775658884889843137e+00
-4.341804152297203956e+00
-4.886303172393811067e+00
-4.243672657737617371e+00
-5.513710771576546321e+00
-4.266763792862987792e+00
-5.897439420602434090e+00
-5.553548285978407328e+00
-4.390724155305029797e+00
-4.193447858866804268e+00
-4.751802973075609948e+00
-4.242880314716875212e+00
-4.917044305736938625e+00
-4.626890044678519054e+00
-4.202667443002081171e+00
-4.457571609287149350e+00
-4.895383937195493473e+00
-5.474187969610794013e+00
-5.092451401425878821e+00
-5.027105296334759998e+00
-4.180709884700964274e+00
-4.242140816914992563e+00
-4.867019675131876610e+00
-6.542719141552852946e+00
-4.234853914276277109e+00
-4.735793112512789449e+00
-4.274583911742916520e+00
-4.303693322856624981e+00
-4.185350781190888547e+00
-4.217531042711334166e+00
-4.940222020932882430e+00
-6.269912536815072102e+00
-5.567064877562983405e+00
-4.238944125520214712e+00
-5.097142345536410879e+00
-4.618431903312590237e+00
-5.508496993644129702e+00
-4.342623784327226844e+00
-4.191085978061630968e+00
-5.140490759446922020e+00
-4.469748096874254450e+00
-4.553492808039632855e+00
-4.356356561689974427e+00
-4.161481850395859716e+00
-4.431642836825149701e+00
-4.717401434188889908e+00
-4.317051913518440642e+00
-5.328748587437699413e+00
-4.478120085839121245e+00
-4.167365190977543321e+00
-4.170383344573148854e+00
-4.874550186831042353e+00
-4.261761802204154570e+00
-4.301014517457543818e+00
-4.162497328350254655e+00
-4.300438886082023515e+00
-4.292612417914751788e+00
-4.162744352027797134e+00
-4.581083466106655067e+00
-4.191740643015310575e+00
-4.279135308087115064e+00
-4.308752312176751254e+00
-5.061730358804128471e+00
-4.183538635858954358e+00
-6.628743502730507942e+00
-4.186578416111487400e+00
-4.207718042702245143e+00
-4.192860164057367278e+00
-4.868846590605707902e+00
-4.163966779076823777e+00
-4.191399205639897652e+00
-4.161022326977254160e+00
-4.223991387576099044e+00
-4.175343238344837893e+00
-5.234568879274464237e+00
-4.419904963414409416e+00
-4.168536829569563729e+00
-6.271965637786859560e+00
-5.089333005926327758e+00
-4.233098822389007587e+00
-4.555145276672518229e+00
-4.187081074595783825e+00
-4.252569965582489786e+00
-4.879172005984597327e+00
-4.970674594471084617e+00
-4.186228200883761019e+00
-4.234002306334339494e+00
-4.187203113357013784e+00
-4.308684102454793496e+00
-6.248754187796895287e+00
-4.861585890474833249e+00
-4.177407973087183812e+00
-4.378822797806479983e+00
-4.299870834214553739e+00
-5.268591754359285062e+00
-4.164689910195322753e+00
-4.160502967321334289e+00
-4.340607371682044580e+00
-4.849236779625582194e+00
-4.247784027115436345e+00
-4.163142682111804049e+00
-4.575432386765746706e+00
-5.145327100064355008e+00
-4.216914859081668965e+00
-4.982479037198414673e+00
-4.197079185410530933e+00
-4.666961197883237489e+00
-4.439472061108796552e+00
-4.185531535665015568e+00
-4.254029357954035362e+00
-4.849740068347442978e+00
-4.160899842712058039e+00
-4.160286329860259258e+00
-4.200798311726287260e+00
-4.430104099921154059e+00
-4.186342174666004112e+00
-4.527474047176441196e+00
-5.767423222368536884e+00
-4.179661677428265776e+00
-5.010568777412285790e+00
-4.724942098974590721e+00
-4.221805421960208804e+00
-4.756312270004777076e+00
-4.430335186500022004e+00
-4.449664866985917122e+00
-4.495010764213331456e+00
-4.295727596509014923e+00
-4.178392776332755965e+00
-5.109858966887488307e+00
-4.246252186944227347e+00
-4.240065017654251811e+00
-4.212162830840401107e+00
-4.204773836074390481e+00
-4.405363201606489199e+00
-5.753480505737114115e+00
-6.106192426866711820e+00
-4.203997063155988201e+00
-4.579245523816863894e+00
-4.568424784934275173e+00
-4.771554641969867561e+00
-4.172384934212523433e+00
-4.441654872442090785e+00
-5.367322897301614937e+00
-4.164709983247022684e+00
-4.755999131248754175e+00
-5.082120062690545836e+00
-4.167946710907065366e+00
-4.220946946851662496e+00
-5.404545555278955860e+00
-4.194313267763275732e+00
-4.165743085753098818e+00
-4.494281429090275282e+00
-4.734730639870253555e+00
-4.234884510325260365e+00
-5.762175245451890859e+00
-5.090799719022118808e+00
-4.671401822616662258e+00
-4.167484066004612409e+00
-4.313833649218524968e+00
-4.287721351158941374e+00
-4.495024359250471058e+00
-4.238362883660147240e+00
-4.194044199802227979e+00
-4.161436199639485523e+00
-7.139808964890196563e+00
-4.735997945391010155e+00
-4.161571180057869412e+00
-4.338250031088676906e+00
-4.259836342067069737e+00
-4.361837520322249695e+00
-6.885123406753049125e+00
-4.435150933219230041e+00
-4.907959324979780824e+00
-5.082867900767589653e+00
-4.205326432506197420e+00
-4.176405883123936569e+00
-4.220611509805969774e+00
-4.375157671966658057e+00
-4.587168143050567082e+00
-4.501776193371403778e+00
-4.162556788360226356e+00
-4.269991399565332912e+00
-5.643422765492781323e+00
-4.228316049060401483e+00
-4.173297956947776832e+00
-4.890251354665654304e+00
-5.138707986458737054e+00
-4.218155960309553087e+00
-5.518703654940012804e+00
-4.631705154899041332e+00
-4.220939386254608294e+00
-4.486816005390467765e+00
-4.346039877479487501e+00
-5.423075451681562242e+00
-4.306523241096606114e+00
-4.915690461078559004e+00
-4.219756805189117443e+00
-4.170621367366766918e+00
-5.026371259749350173e+00
-4.313423174519034120e+00
-4.346501422721820163e+00
-4.829210961629714305e+00
-4.248510475510631323e+00
-4.333154063372081310e+00
-4.382228372481158374e+00
-4.312127519911500784e+00
-4.177562207246893422e+00
-4.367998377069016058e+00
-6.119030781668849173e+00
-4.276413580189046826e+00
-4.692763768025337789e+00
-4.827454577478109243e+00
-4.311369636849361697e+00
-4.352125644976158725e+00
-4.165776659559797146e+00
-4.161071837270064577e+00
-5.365677142845561853e+00
-4.267490010422932301e+00
-4.290473264090093330e+00
-4.375837340912312357e+00
-4.935636147367520543e+00
-4.213151952729408123e+00
-5.378028252937174791e+00
-4.203813144436580274e+00
-4.492346132213301146e+00
-4.850931295580362956e+00
-4.256610913572719923e+00
-4.183323546842583340e+00
-6.551459158528842863e+00
-4.376337536783298177e+00
-5.647064045284527545e+00
-5.558337492526185031e+00
-4.162473675288275388e+00
-5.280409516884720489e+00
-4.162822239848756212e+00
-4.290161802844054684e+00
-4.322466238592458154e+00
-4.615961553900590708e+00
-5.142421278951463393e+00
-4.190620812418528018e+00
-4.160724801519526395e+00
-4.182129008778844970e+00
-4.502633775578722464e+00
-4.346047746485789176e+00
-5.402990545125565980e+00
-6.261212019972041354e+00
-4.287146107757986435e+00
-5.881833391967373537e+00
-4.172480939862536431e+00
-4.278648439370241086e+00
-5.209179255412929699e+00
-4.160986105217494568e+00
-4.413047295590001973e+00
-4.678464210048113969e+00
-4.330530120872903233e+00
-4.231923593341528900e+00
-4.173634831408172374e+00
-4.267324358246085581e+00
-4.223947836058773220e+00
-4.167162960629739565e+00
-4.486713553087422923e+00
-4.198280522702223294e+00
-4.568079484574001370e+00
-5.118780408715975838e+00
-4.661021949671197540e+00
-4.169127491545975950e+00
-4.252327994728005045e+00
-4.192866767772032155e+00
-4.515995651437004099e+00
-4.364067123779507895e+00
-4.167551161037474472e+00
-4.207413533460018229e+00
-4.765168707215668320e+00
-4.824689598900867793e+00
-4.777380377237626874e+00
-4.491561075431296679e+00
-4.342325208076267984e+00
-4.160264217052141333e+00
-5.162300309378800023e+00
-4.169070918203537701e+00
-4.226863965982230020e+00
-4.190855756918074881e+00
-4.283039856540058032e+00
-5.088643297166724366e+00
-4.758880563656529006e+00
-4.223928121025993576e+00
-4.175270852493284224e+00
-4.405145228427507220e+00
-4.949978538891973479e+00
-5.895059535064602230e+00
-4.164143084604966738e+00
-4.160502114409134755e+00
-5.296077212744112472e+00
-5.326720858271361436e+00
-4.183595014865215234e+00
-4.175884342457253595e+00
-4.328919043229520369e+00
-4.693471850858940364e+00
-4.173422894516068737e+00
-4.249068584992754971e+00
-4.537829062885894160e+00
-4.659461178009005167e+00
-4.163696842443330937e+00
-4.271861956033044194e+00
-4.595819288250783785e+00
-4.260347076772493580e+00
-4.165403436564199424e+00
-4.183838473715787210e+00
-4.202066176705897327e+00
-4.398352029388366446e+00
-4.388871814929629522e+00
-4.373977140011514386e+00
-5.926662777586636288e+00
-4.258736817356117754e+00
-4.647586246789162878e+00
-4.249717173263249492e+00
-4.374698506584808300e+00
-4.163802388318236680e+00
-4.403857938237321079e+00
-4.522448462766897492e+00
-6.847408747931098105e+00
-4.908480126851975101e+00
-4.383006750956980113e+00
-4.770137451717035404e+00
-4.421753972930627441e+00
-4.176973172961176317e+00
-4.313367447954740364e+00
-7.138207480818932638e+00
-4.502469307087187289e+00
-4.173656345194923567e+00
-4.309703239518322349e+00
-4.485594619365340208e+00
-4.434213967800141987e+00
-4.318229353532776926e+00
-4.165874595538825886e+00
-4.666207722181463069e+00
-5.104167441649060777e+00
-4.212888865547816053e+00
-4.179129450701294601e+00
-4.260563545899614724e+00
-4.848366386700278419e+00
-4.342615556207689131e+00
-4.288436028190704796e+00
-4.431427838571539546e+00
-4.465730621082524721e+00
-4.515415316095761966e+00
-4.728555149832462945e+00
-4.206249677653540076e+00
-4.160336315476479641e+00
-4.971223600212265836e+00
-4.570264433473693266e+00
-5.262307447484569245e+00
-4.178159734230654898e+00
-6.760914285039705263e+00
-4.211177001662317565e+00
-4.160953684769953753e+00
-4.161186957790459218e+00
-4.682593430157813152e+00
-4.344890202380521593e+00
-4.850278779938872020e+00
-5.595542199734591549e+00
-4.440367867375390354e+00
-4.300011638903531441e+00
-4.386467483282734392e+00
-6.296372146403268033e+00
-5.662751728296996134e+00
-4.182794473030237548e+00
-4.251286762304935962e+00
-4.397447007273467712e+00
-4.730473318582009590e+00
-4.205381500410373619e+00
-4.526342527435227581e+00
-5.685522829351674190e+00
-7.978653650133166408e+00
-4.659709126735052109e+00
-4.387518554863750531e+00
-4.164431670399022067e+00
-4.178323394942921709e+00
-4.173608776431171563e+00
-6.160031158523473493e+00
-4.405902871394546949e+00
-4.160350698857718577e+00
-4.373900643352384598e+00
-5.763326443260911702e+00
-4.213936310218621806e+00
-6.097995770827304263e+00
-4.375207688086073077e+00
-4.771983184488114205e+00
-4.676855775576617802e+00
-4.557605035554229467e+00
-4.341790814808555332e+00
-4.356679604378461690e+00
-4.281666438280041120e+00
-6.170282277378668745e+00
-4.174186793147102392e+00
-5.608340635562242049e+00
-8.096079899325495433e+00
-5.026251323068682275e+00
-4.259093325597742563e+00
-4.517320460839048479e+00
-5.307062898418024588e+00
-4.905081086542229407e+00
-4.162447945225455470e+00
-4.305418488096592000e+00
-4.422556786426648401e+00
-4.695505054012011570e+00
-4.166745111652464750e+00
-5.670422554672185811e+00
-5.747189464252683067e+00
-5.121818499963149307e+00
-4.162717130433422064e+00
-5.029305812376458462e+00
-4.206526755400409101e+00
-4.685351439469531698e+00
-4.931367292763544796e+00
-4.250588252811780876e+00
-4.219027784861878239e+00
-4.462588157829685542e+00
-4.385385125336375367e+00
-4.727952652771324260e+00
-4.653120780250148414e+00
-4.903647813421630808e+00
-6.142477909521909751e+00
-4.213482015450224161e+00
-4.325881857193003555e+00
-4.230002208673372621e+00
-4.301184917999337998e+00
-4.316614579961706610e+00
-4.656500427686316890e+00
-4.590990712103502958e+00
-4.850154335698285912e+00
-4.804881813043875738e+00
-4.924920619665320132e+00
-4.496101164698013797e+00
-4.203972128853203039e+00
-4.172376396454128056e+00
-4.791092166728622814e+00
-4.293125152860378435e+00
-4.775871849224570198e+00
-4.177239182169132370e+00
-4.174857986052856518e+00
-4.173495485171918595e+00
-4.178276864173270155e+00
-4.322980958840519250e+00
-4.965567203242954086e+00
-4.205974252975891226e+00
-4.923396146826222619e+00
-5.160297309592164261e+00
-4.470366913112671092e+00
-5.279283736531564131e+00
-4.182791091305527509e+00
-4.227692338710485664e+00
-4.945235509393717699e+00
-4.196428670847830666e+00
-4.268088199237355163e+00
-4.236825071233957907e+00
-4.310698657372925346e+00
-4.236615287841643429e+00
-4.817064635269347583e+00
-5.636908313457178465e+00
-4.358893573603026539e+00
-4.397095543227592884e+00
-4.244895856655205968e+00
-4.520502611932451842e+00
-4.932021344711928990e+00
-4.174923917599075551e+00
-4.267383942914293016e+00
-4.498462420087226299e+00
-4.278544343343757106e+00
-4.171471978347282672e+00
-4.186356849306224426e+00
-4.182857348491850757e+00
-4.169451930821187702e+00
-4.176078618613436433e+00
-4.306579144031944750e+00
-4.510422890549817154e+00
-4.163278718878368423e+00
-4.170430612076998500e+00
-4.243362298511875075e+00
-4.235429372556022365e+00
-6.382735426606762630e+00
-4.161004672370088642e+00
-4.542271463664000919e+00
-4.369847237846477661e+00
-5.395721654052994865e+00
-4.453444836140108443e+00
-4.253709985616770162e+00
-4.362236852880760907e+00
-4.168134188955833430e+00
-4.169787835132515497e+00
-4.328469375825374499e+00
-4.255856302764290611e+00
-4.653217380496473154e+00
-5.099913213483771912e+00
-4.289267410050769058e+00
-4.185634566368745979e+00
-5.018576706256451025e+00
-5.731664405714484545e+00
-4.272384634358266986e+00
-4.160881829993297920e+00
-4.170169260244412257e+00
-4.160322787873973915e+00
-4.637598684152266948e+00
-4.193603116720742818e+00
-4.205543635723120843e+00
-4.200028957716186007e+00
-4.263110622502610525e+00
-4.307654555131382956e+00
-5.183202642990369924e+00
-4.819029492070587395e+00
-4.236892100935853556e+00
-4.213258017789497600e+00
-4.471270778353163777e+00
-4.423555337472953042e+00
-6.837662598981161466e+00
-4.182610877572680685e+00
-4.219638036439299356e+00
-4.356248565514690085e+00
-6.143104197697162761e+00
-4.204251246924125773e+00
-4.299073538862408839e+00
-4.173419833779204779e+00
-4.346906901669794543e+00
-4.333125260337849838e+00
-4.162394468327352826e+00
-4.391436387992889934e+00
-7.398020415382532633e+00
-4.258480092728419208e+00
-5.343676050811358991e+00
-4.595600854372754895e+00
-5.579051289294142180e+00
-4.221940710733188773e+00
-4.225250911338026327e+00
-4.671906900045120992e+00
-5.326546104412731353e+00
-4.240519038690957920e+00
-5.014974567868353716e+00
-4.174640010881325303e+00
-4.187340051841418997e+00
-4.931969583267742152e+00
-4.202351427840777198e+00
-4.334618775079682962e+00
-8.105103350147629726e+00
-4.161155602496269701e+00
-4.961845624456121762e+00
-5.025136545620412676e+00
-4.190945651817274076e+00
-4.206530446345583485e+00
-4.741001863197292110e+00
-5.402869639612578823e+00
-4.162402880238248670e+00
-4.214646795952169178e+00
-5.132658763619384779e+00
-4.516155654868052594e+00
-4.199470093444714003e+00
-4.198691648129052822e+00
-4.440824208240826465e+00
-4.390832184919124970e+00
-5.404702421616754293e+00
-6.175414097224788179e+00
-4.192943718974782463e+00
-4.199369921238528924e+00
-4.509806749424368100e+00
-5.730181258154329882e+00
-5.041180191297524260e+00
-5.109698581535170980e+00
-4.160280296325833405e+00
-4.199643639898249070e+00
-4.161011988790713545e+00
-5.937831979527327775e+00
-4.270649874486178277e+00
-4.537429327827736891e+00
-4.408573910713407429e+00
-4.162300406979933420e+00
-4.184922239133131328e+00
-4.548649299358973330e+00
-7.069347559289907323e+00
-5.022845956640946241e+00
-4.333978259618461060e+00
-4.162367039755530129e+00
-4.160925645112875770e+00
-5.043581746487349804e+00
-4.684619731379861207e+00
-4.221438328500000559e+00
-4.607755846101661668e+00
-4.181532493148496954e+00
-4.296245819000089838e+00
-4.936271549478406406e+00
-4.245641066098249539e+00
-4.180721627022707665e+00
-8.685374597754124792e+00
-4.870734942269959511e+00
-4.181027907309704972e+00
-4.582672014092011636e+00
-5.452741194048455142e+00
-4.998466630497441443e+00
-4.183049312409123921e+00
-4.331283998832320847e+00
-4.759002417290618681e+00
-4.338914547885558193e+00
-4.376595800558094496e+00
-4.194640745691814665e+00
-4.162950973485661343e+00
-4.548933665841909502e+00
-5.291013193290297956e+00
-6.237426992132855119e+00
-5.229478337887810468e+00
-4.285581162937506683e+00
-4.198792185600792592e+00
-7.020245119760812003e+00
-5.592670685247066231e+00
-4.711774631840747851e+00
-4.238107867856244049e+00
-4.210887895441191020e+00
-4.570245160816023500e+00
-5.301153107336920911e+00
-4.619728302397316355e+00
-4.298683778443070480e+00
-4.415119720825604333e+00
-4.597464290017988731e+00
-4.311427298047895817e+00
-4.365648181943340589e+00
-4.456169034219967351e+00
-4.930469747060547192e+00
-4.417536724778821977e+00
-6.183591326750912387e+00
-4.950291662441825835e+00
-6.607507586712920045e+00
-5.318831727535522802e+00
-4.200698404734804825e+00
-4.198568338868433614e+00
-4.213189113471877079e+00
-4.622890011736402904e+00
-4.398549190975241885e+00
-4.809876528616492841e+00
-4.325352905713990559e+00
-4.162722871134500124e+00
-4.211721370873237724e+00
-6.084589586886586687e+00
-4.531269722119979804e+00
-5.839369611403132154e+00
-5.359735721934631769e+00
-7.797091980720658455e+00
-4.304069420864143680e+00
-4.362774824230553961e+00
-4.237263984355665869e+00
-4.160787332412764883e+00
-4.477669537462600324e+00
-4.183842886167584041e+00
-7.159927066084766700e+00
-4.588017767733327368e+00
-4.281185676333483237e+00
-5.492891986117065528e+00
-4.163983159129694300e+00
-5.283568670340464735e+00
-4.275492842357638601e+00
-4.164640746099002477e+00
-4.171898928907258330e+00
-4.452720999943208469e+00
-4.239951702198570871e+00
-4.524506682883925990e+00
-4.207592342237196803e+00
-5.414489561867357637e+00
-4.558230766220177088e+00
-4.339387575980394374e+00
-5.156264193933063567e+00
-4.717864786013180378e+00
-4.183863147978448715e+00
-4.470412457311185861e+00
-4.269892225214316106e+00
-4.406204106178750024e+00
-4.349704022475258114e+00
-4.469355395723971114e+00
-4.876268821215539617e+00
-4.569274448962279855e+00
-4.161189076374867568e+00
-5.380841786630590207e+00
-4.270798338278527950e+00
-6.604594183521656170e+00
-6.608259344388304868e+00
-4.659502857077638893e+00
-4.444972595897299428e+00
-4.794201078561318496e+00
-7.761460424366338096e+00
-4.943408727558915139e+00
-6.080254704550990041e+00
-4.167625418977041640e+00
-4.209616505857944446e+00
-4.164308073984717140e+00
-4.909197406957234833e+00
-5.022602130312485258e+00
-4.173813970031997833e+00
-4.174353084511483125e+00
-4.625708288658328726e+00
-4.521049867206003547e+00
-4.436738006367983544e+00
-4.184302978388991789e+00
-4.620924918496827516e+00
-4.187736270049376763e+00
-4.225517850250531282e+00
-6.832288381281688139e+00
-6.895867459788245668e+00
-4.929667601597908622e+00
-4.229128187063513344e+00
-4.201516797050519614e+00
-4.417048092321572028e+00
-4.237329476183779420e+00
-4.316151966248350291e+00
-4.160532139093960247e+00
-4.929884469367793898e+00
-4.186338191067965120e+00
-4.551310020234407006e+00
-4.268781930523210200e+00
-4.322035476214234784e+00
-4.183457778747190048e+00
-6.921767428600563044e+00
-4.171386648643364836e+00
-4.617668557378510563e+00
-4.216750046874361502e+00
-4.251090274905687139e+00
-4.451483480775094037e+00
-4.161090681024882443e+00
-4.748804908112989942e+00
-6.149370227415052348e+00
-4.316677497502303673e+00
-4.293066129884338444e+00
-5.955708119243167786e+00
-4.484315693631355515e+00
-5.721042502704793975e+00
-4.162385513784249369e+00
-4.881494446366021478e+00
-4.776850474364222165e+00
-4.835363834179245757e+00
-4.522703992915579008e+00
-5.324142056352455299e+00
-4.569089581589540039e+00
-4.678727154749105388e+00
-4.382180352443965532e+00
-5.155704992497929240e+00
-4.449195208918554023e+00
-4.406943278858738822e+00
-5.225788815457206304e+00
-4.680008365191540953e+00
-4.375332813127483789e+00
-6.448706620307879334e+00
-5.724976824435405121e+00
-4.163554921641464901e+00
-7.009295978665733173e+00
-4.245701202507252248e+00
-4.504152243897938668e+00
-4.410037475586438660e+00
-4.173172474458186620e+00
-4.616327526089269995e+00
-4.560374770638706998e+00
-4.332651101508826486e+00
-4.178609931605707040e+00
-4.199359923530789906e+00
-4.168057472882483516e+00
-6.026202821020097744e+00
-5.600586850260992122e+00
-4.278293406367573048e+00
-5.074791335498140654e+00
-4.596536325644642318e+00
-4.777716716199018165e+00
-5.754000196865021621e+00
-9.656944599045077737e+00
-4.747621880692690866e+00
-4.424442641778295382e+00
-4.527869547644955972e+00
-4.196128734062451571e+00
-5.244376376230610148e+00
-5.018900011053689880e+00
-4.462818587487298316e+00
-6.103649115948436510e+00
-4.166176454089423942e+00
-4.170305273827222159e+00
-4.248850945245776778e+00
-5.559726691048092917e+00
-4.217628562549684546e+00
-5.026184499792870852e+00
-7.223507215196253384e+00
-4.185748291885756700e+00
-4.278695293660461196e+00
-4.709589595728258082e+00
-4.527906416200655038e+00
-4.165874334933567624e+00
-4.306256655647369591e+00
-5.350969270849223136e+00
-5.641113527945000428e+00
-4.464566882987135443e+00
-4.189374867964970939e+00
-6.527894912780267234e+00
-4.231862791095129417e+00
-4.230401417541793663e+00
-4.257300996085936262e+00
-4.570619152651050676e+00
-4.401560516552095237e+00
-4.464305079679967037e+00
-5.654141305931362993e+00
-4.939171323938308156e+00
-4.161572138259025166e+00
-4.745462620935591680e+00
-4.270495615281589608e+00
-4.274554031459926406e+00
-4.426572427253531394e+00
-4.163521705101866033e+00
-4.483221213885530076e+00
-4.172222340201340529e+00
-4.177736741527252384e+00
-5.250624997874395739e+00
-4.556800548426942932e+00
-4.389297983914010715e+00
-4.195125349453258323e+00
-4.421371655018692337e+00
-4.176073714525314173e+00
-4.471658115774559406e+00
-9.005547201943869595e+00
-5.886553353805534350e+00
-4.629881461464091075e+00
-4.183319297071993681e+00
-4.382206784065625804e+00
-5.913822624330849820e+00
-4.572360010939531705e+00
-4.327584119471111102e+00
-4.330890457212488442e+00
-4.552783821982362866e+00
-4.443431433209182657e+00
-4.459100166648140018e+00
-4.510510899700856058e+00
-4.641640519175974866e+00
-4.226154802563091728e+00
-4.277505101571463797e+00
-4.161300750348105204e+00
-4.244473642698485705e+00
-4.416580089557919919e+00
-6.724787712506932635e+00
-4.225765724329627382e+00
-4.699337363452331218e+00
-4.281354924266548068e+00
-4.338423932842333741e+00
-5.000861439362322081e+00
-4.292978422170287800e+00
-4.376124788598826143e+00
-4.252322065793879169e+00
-4.715961955336021916e+00
-5.517463438223609629e+00
-4.316257195949779302e+00
-4.164632053305004966e+00
-4.438167188134569230e+00
-4.426285476838214272e+00
-4.160483562976577510e+00
-4.411500692918735922e+00
-4.164924392756756077e+00
-4.205329242218236452e+00
-4.653510154650996711e+00
-4.708742649692716498e+00
-4.538324787307415065e+00
-4.639131147436582836e+00
-4.330332042374081425e+00
-4.238746177972416262e+00
-4.224007081028250177e+00
-4.878491941608174898e+00
-4.820439693534986247e+00
-4.714241304255317289e+00
-4.162339285203467298e+00
-4.477634153187380228e+00
-5.316701666028455620e+00
-4.174386495222512039e+00
-4.201027905556943054e+00
-4.333532704497324417e+00
-4.213269098316293260e+00
-4.162887489958593257e+00
-4.680716307289604750e+00
-4.160308995842710189e+00
-4.491069529694721396e+00
-4.674349073540335908e+00
-4.539672581974462773e+00
-4.231362433168126103e+00
-4.223810191898440536e+00
-5.386392272808780746e+00
-5.876185872008091060e+00
-5.996696280679914004e+00
-5.137941859062940431e+00
-4.160301787843072141e+00
-7.622008827993498770e+00
-8.732597176130733274e+00
-6.568678305634154668e+00
-4.329517019611496487e+00
-4.864008089291482761e+00
-4.395285734664182264e+00
-4.497459199145190212e+00
-4.170977658839292168e+00
-8.598603914927007708e+00
-4.176984801549468607e+00
-4.208405487813932311e+00
-5.578891835198566795e+00
-5.205701975362853950e+00
-5.482910745307941980e+00
-4.207494764929101017e+00
-4.170746355350939183e+00
-6.033439616636860237e+00
-4.199026820971839769e+00
-4.162716194201629527e+00
-4.215339747482765631e+00
-4.197995471322359506e+00
-4.165147772881746313e+00
-4.320933393509144516e+00
-4.869179357238666128e+00
-4.534170411095047371e+00
-4.885953898750665658e+00
-5.086727702267031859e+00
-5.989251759939719477e+00
-5.411126099380553001e+00
-4.199389771321698994e+00
-4.178038453900180471e+00
-4.160555921011204639e+00
-6.080837295657822494e+00
-4.241649087825647868e+00
-4.368574752772021341e+00
-4.377470927030456593e+00
-4.240593555316871210e+00
-4.791156982713475898e+00
-4.160264825915989562e+00
-5.084052746157444069e+00
-4.508623284860965974e+00
-4.160555456680099518e+00
-5.287258564478512390e+00
-4.890246516745543559e+00
-4.177815188745135799e+00
-4.199461587903282833e+00
-4.772887741569971531e+00
-5.998912268491302768e+00
-4.704331127662684686e+00
-4.190089865270145708e+00
-4.486366553471411223e+00
-4.219834836573142844e+00
-4.294591516389224317e+00
-5.858716554229506102e+00
-4.166902934472311415e+00
-4.201665029188575318e+00
-4.470044192425061347e+00
-4.225414191767843164e+00
-4.160280162980726892e+00
-4.466261221505525292e+00
-5.001568734612565237e+00
-4.328067992999095281e+00
-4.198848209603321280e+00
-4.667883641490007562e+00
-4.243679383781371328e+00
-6.447336114303150012e+00
-4.175953486460711517e+00
-4.160457473742229517e+00
-4.279331208540533282e+00
-4.203619706525416611e+00
-4.165267927845201612e+00
-4.697479647138905534e+00
-4.175622899870619520e+00
-5.866005038652343018e+00
-4.370879418995523125e+00
-4.238792814039441303e+00
-4.184177523641776197e+00
-4.170761483543942383e+00
-4.772752973051494152e+00
-4.456465066629688110e+00
-4.631834701933758680e+00
-4.203808683451555339e+00
-4.222646410387376648e+00
-4.825817689666464183e+00
-4.166311642485417188e+00
-4.161647539163958243e+00
-6.055623124979738314e+00
-4.219490490451841325e+00
-4.202074021825568551e+00
-4.169922001939140088e+00
-4.322804888396689194e+00
-4.342397931157718105e+00
-4.228727893655424452e+00
-4.752448613851694148e+00
-4.974816931585449353e+00
-5.369716595642003654e+00
-4.441239074150713506e+00
-4.676689473431335564e+00
-4.260064931466233773e+00
-4.603010754886263101e+00
-4.257529600205712583e+00
-4.273767619638719317e+00
-4.170983013655541249e+00
-4.718559041964701883e+00
-4.184411884464119602e+00
-4.801318755252992787e+00
-4.164034194431493141e+00
-4.655368662247671985e+00
-4.175017702989695323e+00
-4.279700965411772806e+00
-5.495896794230453963e+00
-5.142531260369830548e+00
-5.126172118951462409e+00
-4.300310958518384297e+00
-4.237530621020306754e+00
-4.162739599009839253e+00
-4.225022853185740779e+00
-4.650823641209081316e+00
-4.215831332445438839e+00
-4.225227529584162589e+00
-4.234500380681559761e+00
-4.580879741230364566e+00
-4.642910319310851186e+00
-4.322261506984654389e+00
-4.458049505360974329e+00
-6.138892187342171347e+00
-4.363672253294078374e+00
-4.160370673958377452e+00
-4.655649986504638349e+00
-4.451526106397223792e+00
-4.192779454413596341e+00
-5.305170779146045845e+00
-4.448987628638745306e+00
-5.540810223239521548e+00
-4.164312825640648086e+00
-4.259025211928793908e+00
-4.188495758123909063e+00
-6.020921285796723588e+00
-5.105878232946765571e+00
-4.248455047216895153e+00
-4.289434667429940617e+00
-6.140353731318382025e+00
-5.617418840207487385e+00
-4.164622169636563065e+00
-5.328758815669331739e+00
-4.193612972723620658e+00
-4.226410303046540307e+00
-4.233869242861326931e+00
-4.163878089747516498e+00
-4.222443204490239133e+00
-4.235398942245898191e+00
-5.474830454658674128e+00
-4.301516129285012369e+00
-4.202428427210354478e+00
-4.160415267004866635e+00
-4.291110892488231521e+00
-4.224995496398792127e+00
-4.186526303326921550e+00
-4.162442828210344281e+00
-4.161082848347951391e+00
-4.197583120185287342e+00
-4.257720044586204011e+00
-4.179321337031699279e+00
-4.829801028502094695e+00
-5.786033955227988024e+00
-4.256175229527199733e+00
-5.166790878402101939e+00
-5.472846618402368080e+00
-4.281690858621548301e+00
-5.261160917688666672e+00
-4.160508484989103195e+00
-4.167482370767874755e+00
-4.522560007935576998e+00
-4.486873824852080972e+00
-5.765444599076104737e+00
-4.373597142104089563e+00
-4.575888859990627111e+00
-4.678736728788932986e+00
-4.513898831171021087e+00
-4.165315445001347427e+00
-4.199495537689021063e+00
-7.965768353621319520e+00
-4.971746178456090348e+00
-4.164973956990488446e+00
-5.639905441170697031e+00
-4.270306861159951950e+00
-4.275464191941320991e+00
-6.584607990569583791e+00
-4.773620511367946406e+00
-4.764093935459303708e+00
-9.796599282927232366e+00
-4.201694098242253261e+00
-4.737786523788813930e+00
-4.794339859565202033e+00
-4.874212767901903831e+00
-4.897191727309374798e+00
-4.223460242421323230e+00
-5.803230471003457680e+00
-4.189165590776567250e+00
-4.192742536467579662e+00
-4.881151137186986233e+00
-4.265123845947679015e+00
-4.756874868757891228e+00
-4.164620611081100598e+00
-4.306060597605799067e+00
-4.286534588584033578e+00
-4.483182181395385157e+00
-4.163166890970236622e+00
-5.006582384763300198e+00
-4.194393481007903546e+00
-4.189936805611992554e+00
-5.266357041921519766e+00
-4.162667250340832403e+00
-4.160411866949663917e+00
-4.803672267302597554e+00
-4.576370660528441547e+00
-4.184954834197482931e+00
-4.663767660287891914e+00
-4.615171544222418376e+00
-4.207913693925946497e+00
-5.127158961367420886e+00
-4.490641809538846729e+00
-5.383836855487997397e+00
-4.287788488857954050e+00
-5.057421048851401757e+00
-4.430136934921717007e+00
-4.659684867480625492e+00
-4.813212533882515132e+00
-4.196792279978215134e+00
-4.923542242509770794e+00
-4.200224259376822644e+00
-4.220385991665055236e+00
-4.499514500916973248e+00
-4.371674967526784528e+00
-4.161764032548751047e+00
-4.542812229274535873e+00
-4.181365872862492061e+00
-4.170301232305476447e+00
-4.759178516671067172e+00
-4.171225662015822344e+00
-4.279296685289773805e+00
-4.566325161704984481e+00
-4.893369004530727651e+00
-5.973597138529219919e+00
-4.176481752917066359e+00
-5.168828117753943019e+00
-4.329685321196420134e+00
-4.808387626597141029e+00
-5.038981480126238033e+00
-4.162387275480192272e+00
-4.160346112380727490e+00
-4.399799297511140850e+00
-4.162051472609769043e+00
-4.732384142335275712e+00
-4.674278681052227213e+00
-4.161753111073663192e+00
-4.170819856074522214e+00
-4.235072562413107811e+00
-4.188117272854893436e+00
-4.207116170197179095e+00
-4.706774548271351222e+00
-6.330893568445882025e+00
-4.182054655661555209e+00
-4.168685161744058121e+00
-5.075161980466520006e+00
-4.180212850750868903e+00
-5.505485174847587260e+00
-4.237658644575000189e+00
-4.184092153991866070e+00
-4.178409392182595106e+00
-4.160324476898332513e+00
-4.437221437092816245e+00
-4.429347196474795467e+00
-4.258156007629246176e+00
-4.410239088346360248e+00
-4.227678882491673562e+00
-5.375345120445846447e+00
-5.052573254014323112e+00
-4.281047726396291608e+00
-4.583975027350001952e+00
-4.190159856381081127e+00
-4.187918903372598756e+00
-4.422221585806086708e+00
-4.203448854052914463e+00
-4.771548033390123678e+00
-4.362232261299805458e+00
-4.397546019576943799e+00
-4.166692156903365252e+00
-4.222787739647561267e+00
-4.171883327115379458e+00
-5.811619043297023168e+00
-4.407956307774963278e+00
-4.160690265052827463e+00
-4.270410740442042830e+00
-4.188733487250545728e+00
-4.695033715847520384e+00
-4.318930491768746549e+00
-4.260301564498288229e+00
-4.654408423099472891e+00
-4.263517635250634541e+00
-4.855946762391377902e+00
-4.572590321530851654e+00
-4.292867053509392683e+00
-4.235536427276406002e+00
-4.270014309670317587e+00
-5.654646169458581895e+00
-4.548267060940006878e+00
-4.703532486671428536e+00
-6.787803151561710990e+00
-4.160490052709806541e+00
-4.165569028038366817e+00
-6.132028240397677799e+00
-4.836534099069884185e+00
-8.866679992331953031e+00
-4.243292307152543685e+00
-4.208099113801287317e+00
-5.167328922333975783e+00
-4.722915602981768934e+00
-5.667208615223619184e+00
-4.325907918345052394e+00
-4.257352661803737170e+00
-6.447720402464534928e+00
-5.836657310649957964e+00
-4.287394078574904732e+00
-4.173765534133421440e+00
-4.567585488366844082e+00
-4.480472476646597535e+00
-4.188306725542254583e+00
-4.370933263843239658e+00
-4.161534480611879694e+00
-4.222776236147057993e+00
-4.585723660446456407e+00
-4.304448714166268175e+00
-4.429684471852833205e+00
-4.174652826477029954e+00
-4.824337247653929239e+00
-4.160305942450876593e+00
-4.436113668722851067e+00
-4.467450594921952955e+00
-4.275616836823130207e+00
-4.200593887010929173e+00
-6.766447852962127030e+00
-4.185690197224228193e+00
-4.194906598672853093e+00
-4.442634299160337363e+00
-5.788142788321085419e+00
-4.195534612470594560e+00
-4.160274010315935023e+00
-4.391524929201097827e+00
-4.677859932697169043e+00
-4.304164270244513091e+00
-4.162019847920993776e+00
-4.717566531032899135e+00
-4.747727960992088825e+00
-8.248018161760656497e+00
-4.542716900374397682e+00
-4.176005362500180063e+00
-4.393127744325471262e+00
-4.181448345913491238e+00
-5.626397363783809169e+00
-4.538148883954246315e+00
-4.386804664396139586e+00
-4.195312454586559880e+00
-4.544961793721194354e+00
-4.482249966290041243e+00
-4.175071263003108157e+00
-4.160534323619302199e+00
-4.325681217218992458e+00
-4.336182977388879145e+00
-4.829052456965293061e+00
-4.806466029384926841e+00
-4.617717320271009562e+00
-4.765764145783798256e+00
-5.051999837711730557e+00
-4.291891568200055573e+00
-4.412436791632051936e+00
-4.198275620432593946e+00
-4.694165719698097483e+00
-5.550911481767563771e+00
-5.057822214117178916e+00
-4.199738326353675610e+00
-4.163108270464482175e+00
-4.282433683073790576e+00
-4.988254761614151711e+00
-5.597706889497357174e+00
-4.258355005290082929e+00
-5.489821696501063997e+00
-4.170320041360315422e+00
-4.653931438348735128e+00
-4.163204255344966853e+00
-4.161187583630569620e+00
-5.813904028088774822e+00
-4.272104026858377424e+00
-4.160295640681125562e+00
-5.160592449293380568e+00
-4.691202503825756764e+00
-4.243466312977224320e+00
-5.628100731833397319e+00
-4.285966714994426496e+00
-4.387936684482201422e+00
-4.200539789621101860e+00
-4.287256695371176818e+00
-4.425963894859298087e+00
-4.245070211804959470e+00
-4.204670743171839753e+00
-4.626208523833168940e+00
-4.592718804738693983e+00
-6.708294769586556683e+00
-4.223751900037357565e+00
-4.267753516023181426e+00
-4.485556796062457607e+00
-4.210127586082893281e+00
-4.349380611740211400e+00
-5.368092297315998351e+00
-4.828806518698084638e+00
-4.735342974397413585e+00
-4.285997153772979296e+00
-4.185217344118330907e+00
-4.291389481582183585e+00
-4.414699982208711404e+00
-4.335302457374625718e+00
-5.106735786223945084e+00
-4.449381398620861461e+00
-4.236897124735262921e+00
-4.261275034519899307e+00
-4.442617743235262928e+00
-4.641129856474709214e+00
-4.227048028822081527e+00
-5.857706910441626391e+00
-5.998858385970741836e+00
-5.302531985361457423e+00
-4.426552380434821465e+00
-4.805256054706921631e+00
-4.253508151143591043e+00
-5.713599159221192991e+00
-5.071087891807027681e+00
-4.176452485156390004e+00
-4.267739153512382977e+00
-4.255440523942722209e+00
-4.201709897083345524e+00
-4.200267134051093088e+00
-4.271505946730421499e+00
-4.909352232149569950e+00
-4.205466135956051232e+00
-5.347150947465607373e+00
-5.200667191511028520e+00
-4.998659726118502178e+00
-5.406878810029285276e+00
-4.160923635804591569e+00
-4.883284519517094857e+00
-4.288448408834330650e+00
-4.206086583531973844e+00
-5.179114926925143969e+00
-4.414568026802106360e+00
-4.873408869722743120e+00
-4.163052767335992499e+00
-4.893835475924362299e+00
-5.351802214829153748e+00
-4.902449163217813322e+00
-4.160306217390487227e+00
-5.190350899200525170e+00
-4.630731400934481989e+00
-4.176927593172752751e+00
-4.162188496969799090e+00
-4.170690556867560517e+00
-4.648026107769605453e+00
-4.374021880182022315e+00
-6.709057511990719647e+00
-4.160538588864369558e+00
-5.030686242519506024e+00
-4.745314620640678882e+00
-4.523106990143246797e+00
-4.237411419207803398e+00
-5.181124041744907593e+00
-5.459779602791828168e+00
-4.179340864249215137e+00
-4.349193889163406546e+00
-4.326974704275468042e+00
-4.802828528778180228e+00
-4.171243771431425884e+00
-4.163984410238208866e+00
-4.244064517584659413e+00
-5.392343074719964768e+00
-4.213684406170811414e+00
-6.340723325797560150e+00
-4.160883018696341473e+00
-4.738887632240835757e+00
-4.160660136656563424e+00
-9.673536876481659164e+00
-5.536805234779516027e+00
-4.842508935814294091e+00
-4.218358154918829150e+00
-4.423629726807702056e+00
-4.472222159952766951e+00
-4.344470440379429199e+00
-4.348823615752777982e+00
-4.273920615572652792e+00
-4.182637099553720539e+00
-4.162579626079134343e+00
-4.499019629298057765e+00
-4.160932005836329495e+00
-4.202190844509001266e+00
-5.614679510439705368e+00
-4.255578910322096675e+00
-5.037852596460675514e+00
-4.197854453992082568e+00
-4.656041565476563449e+00
-4.365434702019168611e+00
-5.317084079865817436e+00
-5.345799202803815930e+00
-4.288646314038780716e+00
-4.160609114223401406e+00
-4.423758434823864327e+00
-4.904249969132587594e+00
-4.245881134771727794e+00
-6.221027586311576485e+00
-4.166587548658050366e+00
-4.745224562002990254e+00
-4.186498202298239768e+00
-4.202061460994572784e+00
-4.231835699489525204e+00
-4.617659432558065546e+00
-4.169445663980923200e+00
-5.968736094272838244e+00
-4.180592510405233497e+00
-4.341932989549498245e+00
-4.171676893844612266e+00
-4.715316402606494428e+00
-4.378971801871018421e+00
-4.483985325802006372e+00
-6.929908974375926789e+00
-4.514682007671968478e+00
-4.161976745917268516e+00
-5.136875422572140693e+00
-4.206483463622703312e+00
-4.427746417616520880e+00
-4.352122656432818815e+00
-4.161531106094994215e+00
-4.232374558984001389e+00
-4.625091449325100967e+00
-4.751705169252369743e+00
-4.194381033499997358e+00
-4.374035985901254975e+00
-4.225343634770367451e+00
-4.318312600674168777e+00
-4.966506614170682177e+00
-4.886157898757434559e+00
-5.109696661645699578e+00
-7.271923712835008047e+00
-4.995475860752639718e+00
-4.162431140246894756e+00
-4.574130271146946036e+00
-4.264883135131163350e+00
-4.799150982634174945e+00
-6.138835092195820131e+00
-4.162544142727198526e+00
-4.603239980146174304e+00
-4.509422607608575717e+00
-4.160916410238863605e+00
-4.173471020481993143e+00
-6.660042405900117757e+00
-5.610899509802908192e+00
-4.789477833004124108e+00
-4.168541531546611445e+00
-5.019475431951083699e+00
-4.217621999323036164e+00
-4.434360139815300528e+00
-4.327562318804091035e+00
-4.440254166314531403e+00
-5.833088936717579109e+00
-4.194353081219462709e+00
-4.439192001308908786e+00
-4.166818086762723361e+00
-4.237351655193896782e+00
-4.540712955296179132e+00
-4.384046150338924974e+00
-4.196366482969987821e+00
-4.201047504550722955e+00
-4.188774380112865181e+00
-4.362001840805647568e+00
-4.375626377407204615e+00
-4.924246054995361277e+00
-5.254038945867216981e+00
-4.457144798112095962e+00
-4.907195465597265382e+00
-4.978423623712809665e+00
-4.160501856769205808e+00
-4.262036555770048807e+00
-4.178072693333971799e+00
-4.403631283237207761e+00
-4.161479174369979717e+00
-4.181846035428393726e+00
-4.324994089504864192e+00
-4.376568045800875772e+00
-4.477955141798586780e+00
-4.683559412394473043e+00
-4.726565869348663185e+00
-4.580805576651183486e+00
-4.390694230521413388e+00
-4.214741503982964765e+00
-4.160728862621144941e+00
-5.360936666706053622e+00
-4.291450736539294653e+00
-4.700644890796043640e+00
-4.427282229416154458e+00
-4.267695689200468045e+00
-6.727911743751498364e+00
-4.598009585338137306e+00
-4.164451266835123455e+00
-4.280122514595555927e+00
-4.167305044602283459e+00
-4.597028912203271034e+00
-4.351560603926670545e+00
-4.432365251839472720e+00
-4.296876389348914138e+00
-4.712845658517649028e+00
-4.943389405511150692e+00
-4.166298219550605531e+00
-4.184397123514729699e+00
-4.811160350718425960e+00
-4.764686796478606823e+00
-5.592118942973504758e+00
-4.221010941146265516e+00
-4.275904125382585796e+00
-4.179471710909902882e+00
-4.162857812282656944e+00
-4.161523574868677855e+00
-4.271834301150370550e+00
-5.377573378928597769e+00
-5.901101632214875714e+00
-4.183213402346007470e+00
-4.161256081799432849e+00
-4.214229258095280706e+00
-4.189826771939957339e+00
-6.490164691814658937e+00
-4.356534005505545259e+00
-4.173046373073804993e+00
-4.168778269538811365e+00
-4.500529141294706825e+00
-5.370524111519094923e+00
-4.203764064732149919e+00
-4.791281026495948225e+00
-4.371298807892272542e+00
-4.177168168310843477e+00
-4.199273940270990657e+00
-4.188336132446973004e+00
-4.160517747530747990e+00
-4.292203357238145500e+00
-4.160312856437696993e+00
-4.254198387048727881e+00
-4.226066619316511286e+00
-4.198164403118664012e+00
-4.242678282165597281e+00
-5.629887376402777477e+00
-4.933466395286266071e+00
-6.045765579267270873e+00
-4.588950447380899966e+00
-7.384556101891678992e+00
-4.659383132146532880e+00
-5.336686481361123668e+00
-4.424704606504873183e+00
-4.222097434090954060e+00
-5.118403193646941851e+00
-5.396359334961287502e+00
-5.457504906420878044e+00
-4.160359104042216316e+00
-4.491751135318768462e+00
-4.488053256027959570e+00
-4.444214507551800253e+00
-5.398657398065523694e+00
-4.162004266202598224e+00
-5.237288763880240339e+00
-4.442835075669150591e+00
-4.363984840080537886e+00
-4.175079865543238178e+00
-4.587896163025896534e+00
-5.985961382078247794e+00
-4.173875968575950779e+00
-4.953353915561785392e+00
-4.161507097536447652e+00
-4.178372263422666322e+00
-4.187341748749395798e+00
-4.679975024565650621e+00
-4.330571846422083482e+00
-4.452908725082881602e+00
-4.845922567438937456e+00
-5.600572229672012625e+00
-4.442629581087411239e+00
-4.948960575538029261e+00
-4.757220099921074308e+00
-4.161865189829946132e+00
-4.971456530794058359e+00
-4.266897225531623761e+00
-5.717598141248757315e+00
-4.390922142380611071e+00
-4.521549278247860570e+00
-4.379486847098450042e+00
-4.163351019010449683e+00
-4.714154832691246355e+00
-4.243241581105751337e+00
-4.161133024078561782e+00
-4.163246239036213048e+00
-4.872559274943263574e+00
-4.888190458648976389e+00
-4.993983922569063871e+00
-4.756568487292406111e+00
-4.814373530015983782e+00
-5.070447792314983992e+00
-5.436805849802549773e+00
-4.196649232236928206e+00
-4.174487655034375244e+00
-4.237401346580993433e+00
-4.442123616856118673e+00
-4.348026496178782452e+00
-4.517888237250200945e+00
-5.722910923478746525e+00
-5.196073129005526425e+00
-4.644089850975094969e+00
-1.199968198658133467e+01
-4.517321638200182399e+00
-4.165466074822681719e+00
-4.496992831025719006e+00
-4.250718969305490091e+00
-6.795446994246674421e+00
-4.238561492836725009e+00
-4.192066290138037665e+00
-4.213926697576793501e+00
-5.426560441071061724e+00
-4.485936782061703099e+00
-4.168929523388590574e+00
-4.175208276616127812e+00
-5.852437614582549408e+00
-5.140285590731137333e+00
-4.780109017140507177e+00
-4.681966265922998360e+00
-4.287678502938344849e+00
-4.180755120865675245e+00
-4.161335449613828175e+00
-5.703301642991306153e+00
-4.464376714092040288e+00
-6.957891479645766708e+00
-4.160331586627112443e+00
-5.395100602667387335e+00
-4.160829482864667028e+00
-4.193214583530174622e+00
-4.499446589115217776e+00
-4.408754503510028400e+00
-4.303552009582269022e+00
-4.336359132850236442e+00
-5.552758874573742176e+00
-6.019141634348423864e+00
-4.167516082217800566e+00
-4.160313533003977327e+00
-5.209216702681363387e+00
-4.201302939156590810e+00
-4.213691824995306590e+00
-4.332972824552979496e+00
-4.277698490536065989e+00
-4.225294187983037020e+00
-4.202997321016003873e+00
-4.161436413404272727e+00
-4.282739378423667809e+00
-4.215395542583581623e+00
-4.201321466897719681e+00
-4.772209819138062414e+00
-4.739009392364529560e+00
-4.168746915287816712e+00
-4.401532535185008754e+00
-4.849413068215691069e+00
-4.279789235611959342e+00
-4.185138917652366786e+00
-4.168466416601252611e+00
-5.000277881903166133e+00
-6.270863319700232807e+00
-4.360096892988241990e+00
-4.264815913502124189e+00
-5.357948149490173506e+00
-4.206872314978717498e+00
-4.267147507489695180e+00
-4.236256176104389759e+00
-6.792893739002513698e+00
-5.152794522784888365e+00
-4.162585729450218430e+00
-6.440610911259389226e+00
-4.369710520500047934e+00
-4.900371951456625297e+00
-4.572572966126054794e+00
-4.176207044252915779e+00
-6.779383068941606361e+00
-5.856620721196499346e+00
-4.185809606126517757e+00
-6.762071644643960155e+00
-4.963075247922735578e+00
-4.893601645874971595e+00
-4.223150824555252925e+00
-5.088738159006338080e+00
-4.355647975345679157e+00
-4.167076891783256798e+00
-4.167772302707682286e+00
-4.408612616354266045e+00
-4.174920124319022818e+00
-8.629448207851442731e+00
-4.334263057765930682e+00
-4.212966932253816132e+00
-4.719690686124162760e+00
-4.716776472981592860e+00
-4.395625148710169405e+00
-4.493072717543601158e+00
-4.255309674142531584e+00
-4.193695582511977271e+00
-4.183643282085095727e+00
-5.891871777610193206e+00
-4.211264687768434101e+00
-4.316813814796915061e+00
-4.605867288498303402e+00
-4.160294913214194423e+00
-4.388065070847078530e+00
-4.479450848264557195e+00
-4.162967462530723139e+00
-6.618048774062097905e+00
-4.178878375328518580e+00
-4.313583483294946674e+00
-4.646172634051683126e+00
-4.256187213768663824e+00
-4.334041322458039858e+00
-4.572947364275206539e+00
-4.186164243651901984e+00
-4.371587786808262877e+00
-4.179406100326055196e+00
-4.269420134568720826e+00
-4.528946417703105354e+00
-4.370205579635073612e+00
-4.305649134644473186e+00
-5.494707146886598892e+00
-4.214952049967124026e+00
-4.463498952661367980e+00
-6.481364403135847496e+00
-4.813764768611619616e+00
-6.164492617985319889e+00
-5.209446387283160007e+00
-4.164874771506057449e+00
-4.597222805218287078e+00
-6.142403807368287616e+00
-4.831768378577829814e+00
-4.169489690975579421e+00
-4.526161136495426618e+00
-4.237051795886048744e+00
-5.373839374342041175e+00
-4.214530280547337249e+00
-5.752911033414967790e+00
-5.195604634516964637e+00
-4.191693827866814104e+00
-4.217016251853846320e+00
-5.464101432210016540e+00
-4.180731601963151078e+00
-5.627406100665179878e+00
-4.181856283043844158e+00
-4.195635061908882690e+00
-4.487422353259118424e+00
-5.118236273063993202e+00
-5.842964346087478056e+00
-4.490073050970003976e+00
-4.160835755819016768e+00
-4.991288388965600120e+00
-4.317421180462865493e+00
-4.408628146058688024e+00
-4.166860394425725644e+00
-4.493518507860690292e+00
-4.171398897450520948e+00
-8.316630994723968939e+00
-4.162635992369264848e+00
-4.657461710199067184e+00
-4.216607140646917884e+00
-4.210361148241521967e+00
-4.160523209015321022e+00
-4.602321076529072741e+00
-4.426458154697382241e+00
-4.160733006463305017e+00
-6.865325562046750818e+00
-4.195175667087606364e+00
-4.743035670440903573e+00
-4.161060661293823237e+00
-5.171431600244828175e+00
-4.361462108627452317e+00
-4.301439436760141177e+00
-4.296300134024688688e+00
-5.185389687649225365e+00
-6.163733156923232315e+00
-4.306642758103031099e+00
-4.203412685268833826e+00
-4.298733012914762952e+00
-4.262548108888719156e+00
-4.372184968317162301e+00
-5.803648986030877310e+00
-4.160297728046010057e+00
-4.272066630696222944e+00
-4.242159882956104688e+00
-6.131594677133539228e+00
-4.647357875259688242e+00
-5.725813714161553492e+00
-4.245554534552668180e+00
-8.632223845917515348e+00
-4.476260568908835502e+00
-4.375653723461164546e+00
-6.677690726209787542e+00
-4.206022907617864348e+00
-4.164343685457814637e+00
-4.161726375690899538e+00
-4.166769090064897263e+00
-4.346123289927298572e+00
-4.161189459167214721e+00
-4.196625932592794150e+00
-4.268735912619616713e+00
-4.173637533344662032e+00
-5.021480302787887595e+00
