1.595238298497072993e+00
1.545574086726049901e+00
1.477323976265891847e+00
2.998546214265337184e+00
9.407307946324652281e-01
6.579774291208129178e-01
-4.054835936918115280e-01
3.153219145168969728e+00
3.796262351190654805e+00
2.648055532978499382e+00
3.787236944311512588e+00
-5.564673919525122692e-01
1.419784483498442995e+00
6.596909225959786127e-01
2.765697568554892349e-02
3.426466277390965764e+00
2.163910197358458021e+00
5.921808234403669324e-02
2.582674709368304455e+00
2.829803619232745149e+00
1.902879029707161829e+00
2.700322394234403234e+00
2.042457778314255457e+00
1.672303106888724189e+00
2.266596389090161257e+00
2.294244204203233828e+00
1.830650265151368306e+00
2.673732330090347720e+00
3.592275315597663887e+00
2.176500884279543691e+00
3.191318702246420003e+00
1.548007418477053365e+00
2.153215194334058502e+00
3.118718829782136659e+00
3.628654222081836522e+00
1.377052026622343828e+00
1.851993940942790351e+00
4.833449561124019134e-01
1.429791590696165571e+00
3.143106403768663348e+00
1.394713120697994135e+00
2.010377089152220353e+00
2.835835958458010619e+00
2.754776036736386935e+00
1.890224054023217803e+00
1.396560480354415823e+00
1.814224208006536720e+00
2.225657526113427931e+00
1.149456983343699612e+00
2.326888034594568389e+00
3.436724392118239102e+00
2.692978134425541459e+00
1.576969722188106715e+00
4.086111977987471278e+00
-2.532853372318339957e-01
3.105400547122600496e+00
4.097485861395579576e+00
7.935663755766106942e-01
1.540687855825428665e+00
1.831979191824393727e+00
2.639003005805949265e+00
2.423904069686452445e+00
1.172403143810292203e-01
3.111165670880684075e+00
2.326422542638591828e+00
1.607868067915552146e+00
6.085786148048211164e-01
1.840065228973010392e+00
1.524022892464729217e+00
3.036884175718213008e+00
3.031497069418163104e+00
2.111341305827074244e+00
7.643399949027378515e-01
2.887965251778031206e+00
2.696604461898854055e+00
3.022999395620514562e+00
1.654081008516533835e+00
3.017898664359144334e-01
2.525687290051422007e+00
9.738315365904146592e-01
1.439215339154204409e+00
2.568422372856158820e+00
2.181412483203919894e+00
3.728032693610385362e+00
2.168050222848687092e+00
2.896009718365687213e+00
2.425385220218728932e+00
3.878592161113878500e-01
1.589288233870531641e-01
2.539774749714026836e+00
3.002304622426469116e+00
1.565949235243890403e+00
2.480327192532482794e+00
1.152168949148691723e+00
3.829287204914019860e+00
2.023125463663488777e+00
4.043826607988300736e+00
3.464062212216337588e+00
1.081099684823254581e+00
2.737042923576318287e-01
1.730412848736587517e+00
9.733937341818748035e-01
3.378335853880018558e+00
3.491238275408796277e+00
3.130386507592815004e-01
1.385127838565976433e+00
3.458160276347542528e+00
1.362624313886241278e+00
1.456081153782855964e+00
3.251103708474447629e+00
9.334099072697095156e-01
1.532141748333738063e+00
3.058749217337299875e-01
1.874603158676154457e+00
3.546255423764563375e+00
1.367141215923301623e+00
1.066513071966516346e+00
3.463379075349129366e+00
1.955267011667989330e+00
2.942194481881976742e-02
1.264190633248710505e+00
3.400733300570311091e-01
5.917199212316632817e-01
-2.240610310776980363e-01
2.599733829617914438e+00
2.695662442372702916e+00
1.137173057770905604e+00
1.757349947559418535e+00
1.561157025515578223e+00
1.815503679914316271e+00
2.007540368709317402e+00
2.809396787441158949e+00
3.215519353718304885e+00
2.396207841385693982e+00
6.853535280627853776e-01
1.198403946669064579e+00
3.254283388519034759e-01
2.112063168971284099e+00
1.900839114631519111e+00
2.441436657970891044e+00
1.965077794912907239e+00
2.462710772136026627e+00
2.802969897175285663e+00
7.836632725273482425e-01
1.320502794036702010e+00
2.104129237541697783e+00
1.638764401083345756e+00
8.454819716716588385e-01
3.633583219830616606e+00
1.928477684919402302e+00
2.449371421378229385e+00
1.080497886135998176e+00
6.865207769633299151e-01
1.934168237414918723e+00
2.812123781019216562e+00
1.831469449522300064e+00
2.549990918114643179e+00
3.575492181220969901e+00
9.686351700377371365e-01
2.993473238216520116e+00
2.154285427205046677e+00
2.013525495331901283e+00
3.019933227813801579e+00
3.226556944374008751e+00
1.838735652015840438e+00
3.472149839975414043e+00
3.262589822074918100e+00
1.557034319323219229e+00
1.614890849453570087e+00
2.816432966995379150e+00
3.546118555383629634e+00
9.325967127447536420e-01
2.079774016752611754e+00
4.224658323398347015e+00
1.496212194136249618e+00
1.903086482985861361e+00
3.004124538513375242e+00
7.710613175905169925e-01
1.804316337714240159e-01
1.682913127825302446e+00
2.453106457096590809e+00
2.885348760595121576e+00
4.173836382096847153e+00
1.609675622237125125e+00
2.592606824844966518e+00
1.032842253858787140e+00
2.369780021578243634e+00
1.601629844574227857e+00
1.706950351556517642e+00
5.957693219673114715e-01
2.830005848649318700e+00
1.299590045988642695e+00
2.888801306975916638e+00
1.298927678397181928e+00
2.654490527648621256e+00
2.815172005449379178e+00
2.486524754488209421e+00
3.198467608310091137e+00
1.991401501124887341e+00
2.576405096002897466e+00
4.335592818336865051e+00
8.423529958433020326e-01
4.548213910692600059e-02
2.672951046904454397e+00
2.259307490073512614e+00
1.290020095631018826e+00
1.453101224986648177e+00
2.152197476603854298e+00
2.983185924409188061e+00
2.811728132115428380e+00
1.545291864551079586e+00
4.617133102853621551e+00
1.196407103589296250e+00
2.969906447708315689e+00
1.142522991157452816e+00
1.405877331301380817e+00
2.258259600848239401e+00
7.567391750124494720e-01
2.655074747603680674e+00
8.990789113547499323e-01
1.155978835177774222e+00
1.740922255470892743e+00
1.493776072656587850e+00
2.377253474322825078e+00
8.163841926335491106e-01
6.348955380795040515e-01
5.997546635926527259e-01
1.138986312827558578e+00
2.255791182952460616e+00
1.571172881066158045e+00
1.299429157557682624e+00
1.994395092586730867e+00
2.680243174259539618e+00
1.680255265635705264e+00
1.258897346264048256e+00
6.292951359023206681e-01
3.190075847949743526e+00
3.063567008704402461e+00
1.508988534012489557e+00
2.025621968692081332e+00
1.273694977507512149e+00
2.743774372322064892e+00
1.887360233965398759e+00
2.723215187095569423e+00
2.156256903417002935e+00
4.050035988682681776e+00
1.979671466151536885e+00
2.378252237061219798e+00
1.665664015248911944e+00
1.486926350928415852e+00
2.290701330896623755e+00
3.194242768413048772e+00
2.663076663262540222e+00
1.393661857718987429e+00
1.634425031593777833e+00
2.410092823174532217e+00
2.962277556169381043e+00
3.974660161228550592e+00
3.189248675059943139e+00
1.639718575510646037e+00
2.202135971343427201e+00
2.203317368091430861e+00
1.919329044894884762e+00
1.921687378336630392e+00
1.904303992292320835e+00
1.937770243934088477e+00
1.633555612352103115e+00
3.246588800937066033e+00
2.116391661900301813e+00
1.453900464783750790e+00
2.616814658507711666e+00
2.652100902491107082e+00
2.541604515743220993e+00
3.846674521581483486e+00
2.050201275686789781e+00
3.418696937030091476e+00
1.113387717995421022e+00
3.311862008704649973e+00
2.702004269925597946e+00
5.496617980475599907e-01
2.396084832522053176e+00
1.898043047604517364e+00
3.246718457469913055e+00
1.795409105074231126e+00
3.413169071880280736e+00
1.900123482955484722e+00
1.069577423254072013e+00
1.254367517225173145e+00
5.390780693068821794e-01
1.538458699164579002e+00
5.375334626538037508e-01
2.625913641340024807e+00
3.154540661325683448e+00
3.845286503164987213e+00
3.173360591671417374e+00
1.410052990139386786e+00
1.498071498284987424e+00
2.921010144182309975e+00
3.335410614820382147e+00
1.206978967874449582e+00
3.903262145033194574e+00
3.025444740978368685e+00
1.135749065250236223e+00
4.371631545212488756e-01
1.377608228901826770e+00
2.431297721130376566e+00
1.081696358237515865e+00
1.584160459376601660e+00
2.622995720140272713e+00
6.992738987898270420e-01
3.323068307320793835e+00
1.330397652394788466e+00
1.763178870296076894e+00
3.759011753588409555e+00
1.375593009793849575e+00
1.798500588514888365e+00
9.896935823440530244e-01
2.991808191631477154e+00
1.975604418391910810e+00
1.443047655467332824e+00
9.318564996624918439e-01
1.123473795686149135e+00
1.316372466095614868e+00
8.056873868567149266e-01
8.925875234627016486e-01
1.117753345202885606e+00
2.140201244509659873e+00
3.425996082026485645e+00
2.076079188184854374e+00
2.294399621740419448e+00
1.885061650113891485e+00
3.070242905601629158e+00
1.206500006733198127e+00
2.422005536409622906e+00
2.304437488103339593e+00
6.009055067840955999e-01
3.140281509609874178e+00
2.357007033560678977e+00
2.673239289715242162e+00
1.147567937070919530e+00
2.166036906867840006e+00
2.719544193288595757e+00
2.080340965289857014e+00
2.452361497266045909e+00
1.368216885776000424e+00
3.799536711061777261e+00
1.479416719695541005e+00
3.503139668954805330e+00
1.349373281064652375e+00
2.001013386694423968e+00
2.098428198033990721e+00
1.226017386436860868e+00
6.988311095997774558e-01
1.417392534471028753e+00
2.193666128909010915e-01
1.147946400668347078e+00
1.919956711476263012e+00
3.652362542572745951e+00
9.514615508158317247e-01
1.522564231594205619e+00
1.294325061837755309e+00
3.874823534543480275e+00
1.698239259174679328e+00
2.655664148762009180e+00
1.161008603874476242e+00
1.743743784515243034e+00
1.726899598928520296e+00
2.086617958568174114e+00
2.811463458935078208e+00
1.740684066520725937e+00
2.772274455507672819e+00
1.247420652485156545e+00
2.285357714753336822e+00
1.904162799876694789e+00
1.021212922390341671e+00
2.834666369198231450e+00
1.782945022487655518e+00
2.831932876628370899e+00
3.392131291420893646e+00
8.330560232961592426e-01
9.993785428172001772e-01
1.882468466228776061e+00
1.033371111104144813e+00
2.242491298537852007e+00
3.468239068930328628e+00
2.247400828477485568e+00
1.479708310624360479e+00
8.712652977968693424e-01
2.556739656759452473e+00
1.072402257385733026e+00
2.874281850068993283e+00
2.552782119272962280e+00
2.361877331820232406e+00
2.629169457454862968e+00
3.520754063467825823e-01
2.811637875972756717e-01
8.659560589343717751e-01
4.767199191017592597e+00
2.317273840373042848e+00
1.831580400780016049e+00
2.299131170865701179e+00
1.230321917484236360e+00
2.874574632893206694e+00
3.423069485842503035e+00
2.538976270884438335e+00
3.091292591251498578e+00
1.335206003980809575e+00
2.984801511398671892e+00
3.620657687583441309e+00
1.385871969892666922e+00
1.908108161220080756e+00
1.701393785695785921e+00
3.021126701401009917e+00
1.895917933230695684e+00
2.430757850577065060e+00
1.672749497362014504e+00
2.263476995882771625e+00
-9.247687233613479663e-01
1.127879841865761623e+00
2.296835986663866791e+00
9.227337326547420115e-01
1.622347315860871442e+00
3.634206881091132768e+00
1.433100522421433265e+00
3.120227850676999370e+00
1.886233008232334640e+00
2.682770855905241003e+00
4.974514743923267979e+00
2.724554942730739171e+00
1.818894855769453089e+00
1.407181227417120484e+00
6.307656226560207635e-01
4.451530827864174089e-01
2.811212169103958658e+00
1.824344156298871145e+00
1.628822927587895597e+00
4.784071153019870959e-01
1.724911241093845637e+00
1.267359939164394378e+00
1.588287300855162343e+00
1.005426007029926350e+00
2.665021654646476001e+00
2.619610276402734694e+00
3.801066345590504714e-01
1.148457460103386341e+00
3.691081946906956013e+00
1.647681362149992834e+00
2.155337792850091638e+00
1.639452155124923483e+00
3.079314365121228469e+00
2.924735616809314820e+00
1.186664128660487316e+00
1.442984578520296601e+00
1.861676835373031524e+00
1.801237677354294853e+00
2.052486541779364071e+00
1.840892240027399485e+00
9.922501529487754990e-01
2.563916264107067633e+00
6.897660368444000767e-01
1.650824878122115980e+00
1.253250515949978716e+00
2.095874620469900584e+00
1.746753998975420163e+00
1.753351753555914661e+00
2.503397610287542818e+00
1.056920377045996062e+00
8.965439728648505469e-01
2.781942356935337646e+00
2.051184540624087838e+00
1.338436712041183307e+00
1.326395468040996839e+00
1.633111886013920655e+00
2.464788104193310847e+00
1.741576642574188316e+00
1.124540901179641672e+00
2.092314748591195261e+00
2.301103471528942013e+00
4.221651842092700946e+00
2.015158861846836125e+00
-1.881008386844387203e-01
8.264937175402111702e-01
2.740200662088255523e+00
1.297174704858047978e+00
2.679423678803004805e+00
3.078345955941577117e+00
2.550443041292707935e+00
1.040066920400853245e+00
1.043840182457343779e+00
2.382199797998977964e+00
1.770162164220821399e+00
1.364121031538267914e+00
2.848108449944457554e+00
1.811058752033847030e+00
6.077126787475317649e-02
1.215840475428441536e+00
2.340791824109149211e+00
2.458120443488787110e+00
8.103813043689858109e-01
5.705815522515009341e+00
1.131373747073510572e+00
9.475835049182588232e-01
3.171336895593830807e+00
2.877704474069046725e+00
1.943139438740297820e+00
1.645689783736548950e+00
1.596770542568403783e+00
2.299604076774808714e+00
2.595497831935801525e+00
2.283976240755595022e+00
2.497181625655053416e+00
2.068531402711750289e+00
2.527637497433379288e+00
3.178126915881752446e+00
2.190729208588797938e+00
1.622443575509577629e+00
3.969053209872344112e+00
1.089641302611326079e+00
1.889119385525512840e+00
2.352089550380411787e+00
2.577694434164369497e+00
2.096604899446728343e+00
1.564855915340502612e+00
1.373757203613651168e+00
1.487714505121532360e+00
1.662234434101544922e+00
2.144732648024358923e+00
2.335616948862326403e+00
1.577876890720163239e+00
9.135703063774256449e-01
2.512266922221807697e+00
4.160810233970787309e+00
1.142177681810047751e+00
3.530409600451831942e+00
1.788587494894003038e+00
1.385761509366756794e+00
2.415614442456124333e+00
1.656397213293494319e+00
1.555958720051151989e+00
2.313567246486535112e+00
3.172639738138983923e+00
2.202689610033043977e+00
3.081790026916952918e-01
1.753058942686589239e+00
-2.468720552668948187e-01
1.955426547907301416e+00
7.341674607180093126e-01
2.797959782210909463e+00
1.211430616621132383e+00
2.524253346862090019e+00
2.023521681438144260e+00
1.105491430026404931e+00
2.909561714645085395e+00
2.231418773795588173e+00
2.337760623451360598e+00
2.019722516636140774e+00
1.981072934338879099e+00
1.074683263779605991e+00
1.357668703550878764e+00
2.045101657882330226e+00
1.299026555553394857e+00
3.664586902229014953e+00
2.266296811187767712e+00
1.088007747255835600e+00
2.041361318509804956e+00
5.947291606749753878e-01
2.846730758113772186e+00
2.209262665644516677e+00
1.658661116007855263e+00
2.958351998323832888e+00
1.715941777371429833e+00
1.591513329212894234e+00
1.312645749978056608e+00
6.235752308581377079e-01
1.952671249927297570e+00
1.726596873096672757e+00
2.355408312189877229e+00
2.694752381769604632e+00
1.680814853341701998e+00
4.796303825594559811e+00
1.369671013082916167e+00
1.321655931072688084e+00
1.234348506227005426e+00
2.025549430605170453e+00
1.158804495394878842e+00
4.233615473669733120e+00
3.621611248218798540e+00
2.380837317002947096e+00
2.059468288135966052e+00
2.457615769835982622e+00
1.920490841543363691e+00
1.962221883783944021e+00
1.023256335752512625e+00
3.586522272520855203e+00
3.186285000864623740e+00
1.477737877939716338e+00
3.457051435235160675e+00
1.884506630793984616e+00
1.609446290009662883e+00
2.291493420071064158e+00
1.612177857151315230e+00
1.667211432742766508e+00
1.631431431202849502e+00
2.498477671535374700e+00
1.502896859175300914e+00
1.426168913437554364e+00
9.074274750412179014e-01
2.904754046424143699e+00
2.345487926237427079e+00
1.143139042141410044e+00
1.052473724320820203e+00
-2.025994626333416093e-01
3.039216380300614695e+00
6.204667615961949600e-01
2.321646759635118684e+00
2.166939859792372136e+00
2.423766278889586623e+00
5.714192587488904351e-01
1.471974995997734847e+00
1.267415155898462542e+00
2.504179657220136690e+00
2.265818532325500012e+00
3.509034309902398174e+00
2.444188056973164436e+00
7.870435663445491947e-01
3.133828978985744307e+00
1.317929150669070903e+00
1.785603318133474060e+00
1.875339648049796581e+00
2.630094292144697032e+00
1.691803365833134398e+00
1.870866702466289944e+00
3.202521896845509808e+00
2.622420782907678660e+00
3.018332467375977490e+00
7.944881148321447650e-01
2.445701095976334116e+00
2.143179389062435991e+00
2.561196269858700081e+00
1.864449559574378634e+00
1.970997562885447918e+00
3.615559651110018535e+00
1.373223751690849870e+00
2.936474549621068242e+00
2.588956022832243242e+00
1.943751758537405339e+00
1.423567748359733542e+00
3.830395508440215036e+00
2.230295907548111245e+00
1.307043826597424685e+00
3.275344979187508887e+00
2.565593995671380689e+00
3.195122682357684596e+00
2.985012046552272480e+00
2.026261279343454014e+00
1.418979009164420990e+00
2.270617088038584974e+00
2.688609683606297818e+00
1.243989722368432416e+00
1.630239092546972079e+00
1.945339966059832504e+00
5.815493390478017055e-01
1.800636582534706598e+00
1.590408225551776411e+00
1.396700924347648698e+00
2.767698866151577342e+00
1.369267203914080078e+00
2.061728918449770021e-01
1.833593862822862297e+00
2.892505505767569485e+00
8.636046547161113640e-01
3.180343967186538556e-02
1.789601146252604913e+00
2.125660032946357969e+00
9.720858765785478361e-02
9.652315114054703660e-01
2.450278045338409427e+00
1.573201910586359720e+00
2.493848012383072188e+00
2.088444253791745808e+00
1.095707082298656765e+00
3.263443179286616314e+00
2.510873742217799354e+00
2.456132062232070812e+00
1.243293894311820136e+00
1.864543952666103177e+00
1.683434058447519144e+00
1.864856205787503551e+00
2.245713072965979329e+00
3.119105430615472407e+00
1.479855206329840023e+00
1.132037563474038944e+00
2.810212380304446089e+00
2.377774828948786556e+00
1.922916802312250262e+00
2.575064242093683564e+00
5.303699480951249434e-01
2.735970836168694742e+00
3.063619615228012183e+00
6.793411014455155161e-01
1.133222053877921853e+00
1.641749059993391491e+00
3.702134942186425803e+00
3.113684268247042475e+00
1.497120662905359278e+00
8.097783446139303898e-01
3.055454855716193130e+00
2.488338309453793418e+00
3.402540024148088094e+00
3.975609192290074034e+00
2.962015022279107956e+00
2.711601180268642164e+00
1.340283823270082220e+00
3.996269980986857373e+00
1.034001069773739845e+00
2.190659305501108989e+00
1.443059106209353626e+00
7.835397811168947069e-01
1.379848755454406550e+00
3.863423818991451597e+00
1.801053283617524592e+00
1.982234877922410377e+00
1.044929136090167354e+00
2.096969111270984509e+00
1.364660605466859966e+00
1.930065819719238407e+00
2.345605219567962418e+00
2.631350654114354981e+00
2.185054524644775231e+00
3.640299109615572348e+00
7.294093715927705279e-01
1.677267766890533585e+00
2.539627895241509670e+00
2.148593695296781458e+00
1.502577132857101372e+00
8.112639368655341077e-01
2.599052924046371338e+00
3.705488372849582657e+00
8.812300175831209170e-01
1.214969036352258946e+00
8.711854240264145233e-01
1.980430716600383390e+00
1.817587414260893208e+00
5.238339664712217125e-01
1.619058677736087803e+00
2.891123586138767187e+00
1.087991347083289817e+00
1.595695138966637394e+00
3.547884468374479461e+00
2.514115205152611665e+00
2.265137369698008385e+00
2.118036214978135323e+00
1.656174576920496744e+00
2.797407627013614118e+00
3.659937349047412081e+00
2.073900577313885218e-01
7.076939542839744135e-01
1.682412468424613117e+00
1.683142400915455639e+00
3.216551961210638133e+00
1.936773376574869143e+00
4.422370124557208015e+00
1.582754626409438981e+00
8.338031137563215456e-01
1.293325984538809648e+00
1.584647121678609327e+00
2.638794685650158733e-02
1.171250569264933095e+00
-2.763562237007008981e-01
2.383468024697575682e+00
2.333422536168402672e+00
2.076736400595572629e+00
6.642621231637373391e-01
1.827893665661707301e+00
1.735257965446286521e+00
1.974747146680738030e+00
1.640076526675974922e+00
1.940260545659671543e+00
1.954856458754783866e+00
1.676700918056399869e+00
1.925235980502095545e+00
1.544046736142319354e+00
3.503325860656549828e+00
2.028244197644462510e+00
1.440472350593886564e-01
1.756138047060309848e+00
2.843873004836888541e+00
1.169514334881260886e+00
2.431524381006600510e+00
3.929203645746613294e+00
4.228842411179011940e+00
1.165577509450150817e+00
1.479261934248930377e+00
5.398179737731803041e-01
2.779568317050348458e+00
1.403152355492914394e+00
3.260795796477983011e+00
1.863617144516585444e+00
1.359372596126743105e+00
1.759359644732791716e+00
1.816578579575238273e+00
2.954226925839832596e+00
1.446614125791569450e+00
2.890049237855539133e+00
2.476767971918863775e+00
1.684576049015667376e+00
3.604754076135120222e+00
2.226470265857344977e+00
2.116790362902744249e+00
2.612460087185282998e+00
2.004100492619796281e+00
2.153619498019166745e+00
1.465172248769458507e+00
6.758374727366387447e-01
2.295489030271147257e-02
2.509736391601238736e+00
2.450950649308957452e+00
1.651351104029754380e+00
8.775815621004843248e-01
2.551191658546890118e+00
2.228296928273599153e+00
1.215499563017539142e+00
6.424591194809317063e-01
2.224775322449802140e+00
2.268687556215739587e+00
3.684036809112190003e-01
2.460855101328538908e+00
1.107290805044375714e+00
1.835301217139353236e+00
1.846877675799506235e+00
1.520724633043995633e+00
2.655595185892689170e+00
1.647586338299004582e+00
2.484827023473048513e-01
2.641448723577569435e+00
1.301392697167707002e+00
3.127498422179820547e+00
1.899722920757284772e+00
2.276879037633089631e+00
2.993939633936076206e+00
9.019640571140583596e-01
6.702141828505590038e-01
3.402512154115394427e+00
1.567127839337669304e+00
2.053356150601985952e+00
2.223156526004775646e+00
2.819491733155165214e+00
3.651986853108587283e+00
3.164030087365803379e-01
9.359217990595574133e-01
5.871942974478829846e-01
2.533439241327416713e+00
1.810047883848949990e+00
3.202088967234741013e+00
3.183018270813345652e+00
1.220497261196729077e-02
2.088394645625950119e+00
1.154063725875325463e+00
1.515563966426263898e+00
2.732105056209475968e+00
2.366144987439747105e+00
3.512558236040785431e+00
2.113126122194606715e+00
7.485414855459220362e-01
1.176855466371213632e+00
1.516857787853256534e+00
1.296327516146066561e+00
1.677501611845719776e+00
1.474198348686186932e+00
4.159706432123641662e+00
2.888836734879713930e+00
1.202109896022609536e+00
2.969529521291554452e+00
1.511884117194096211e+00
9.920851453106392936e-01
6.856202382454590349e-01
1.309862178201690597e+00
-7.623382991841838319e-01
-9.062954200389006232e-02
2.235611103101793340e+00
3.750982845757262929e+00
-1.057807556630314672e-01
3.443920373163456450e+00
2.007433370304591236e+00
2.397384758939042015e+00
1.336748776925693383e+00
1.643725443376279349e+00
8.048640192071632171e-02
4.320801161542411339e-01
2.399610683707841918e+00
2.248821659495638503e+00
4.579607053372361847e+00
8.493931447924978340e-01
1.768265757872361288e+00
2.695781026291258264e+00
3.127824518584907398e+00
2.919738322288903731e+00
2.057006676840849480e+00
2.047993694824481459e+00
2.072995076968925154e+00
2.259102480625539755e+00
1.219841923457985366e+00
2.289756801163857602e+00
1.372626286638080284e+00
2.141131689391451598e+00
2.746518880248929761e+00
9.049755028517292299e-01
1.680746628379190311e+00
2.540428265081947856e+00
1.153843221712649303e+00
1.888333527299738135e+00
3.175933303502460170e+00
2.623597916989679479e+00
1.637011250342873980e+00
2.515974066200052484e+00
2.429386372246487014e+00
1.385800940791428237e+00
2.091289113880118400e+00
1.494617929246880639e+00
2.925272581124961135e+00
2.116841922382664443e+00
2.499398003674859758e+00
3.487398423420010829e+00
9.498901168007967133e-01
1.927440370896559063e+00
3.609569733638768430e+00
3.182366736515613859e+00
3.403746682719833938e+00
1.175963210215591692e+00
1.453235621900456964e+00
-1.285709903348557503e-01
1.838511253110872490e+00
2.199945494603390728e+00
1.436639012237918234e+00
2.878380102813138386e+00
2.324568565972308765e+00
1.697270963754655249e+00
3.064285012731006397e+00
1.394831886035499569e+00
4.074710817853615552e+00
2.335949207830065877e+00
3.163973713277530742e+00
3.342764476642465787e+00
1.411517430827787134e+00
2.830913754824911255e+00
2.571954914890097754e+00
3.715110826769005392e+00
2.414743822495815984e+00
5.503921999153833511e-01
2.685329992432794022e+00
2.501365884058997846e+00
6.588646344723074755e-01
2.429102575327353630e+00
1.793283142124742602e+00
3.777109779386469413e+00
2.450451289017507861e+00
3.910512320651298168e+00
2.126013741791572542e+00
-1.861959081332242860e-03
1.146225275912229558e+00
1.927620527265301975e+00
2.902414099252301760e+00
4.241709147651084422e+00
1.953157044114905760e+00
2.537471463041491404e+00
1.052052608180913618e+00
2.341377574615947754e+00
2.900939908740245432e-01
1.090877972474715740e+00
2.129998942368231063e+00
1.767399107005365178e+00
9.541511023868565200e-01
1.194294300176889756e+00
3.315951359007100585e+00
1.536425071970626943e+00
2.831584383291635199e+00
3.185705864643471941e+00
2.613649147896818015e+00
1.622095956713901499e+00
2.222695692661038613e+00
3.610355360302022643e+00
1.720035718015771264e+00
3.523193296927850771e+00
1.223699245083478493e+00
1.322561210098441631e+00
2.616141838377239459e+00
1.604450569659584547e+00
2.069024749847548250e+00
2.253114916815301072e+00
1.615172983270411811e+00
7.213859435482041782e-01
2.033582956757481686e+00
2.186240202325876236e+00
1.942576407466980903e+00
3.839113043174256390e+00
7.099883292459709949e-01
2.561902619230365552e+00
3.543393336638150259e+00
3.740352227458035639e+00
3.527221278617973077e+00
1.694871405607866643e+00
1.882236266104605482e+00
1.270929963171015142e+00
7.602062222715815221e-01
1.923017724784915172e+00
1.131442150209723829e+00
3.295617192569646470e+00
2.599266444068350168e+00
1.841499079252327364e+00
3.820507733834497266e+00
1.542243452902321676e+00
2.583235431610249933e+00
2.089854071843571859e+00
2.309917066853081291e+00
1.332006762558663793e+00
1.799757752708081249e+00
3.263650947765262877e+00
2.572947821223879217e+00
3.825260602718274505e+00
1.849513219221663451e+00
1.074663790373199923e+00
2.424797168949909043e+00
1.547525232231977244e+00
-1.966112680987497363e-01
2.632962662301811640e+00
1.722687881079183692e+00
1.654178742570630023e+00
2.424590800729912399e+00
7.758552134399621103e-01
1.734524161274850762e+00
2.786532227980818455e+00
2.842984450891752779e+00
3.193951914169962158e+00
2.137581674851672275e+00
4.698107960902520031e-01
2.728660126671820230e+00
3.862008458800979760e+00
2.853187310651640107e+00
1.575792712633667714e+00
1.896543661962887484e+00
1.228243612266546325e+00
2.929004975282935241e+00
3.747323880088386350e+00
2.872257995231611627e+00
3.032542541964303062e+00
1.089025735343917667e+00
2.167357542636231482e+00
1.336349423020815053e+00
3.790181851617747455e+00
2.610011923408197543e+00
1.472675754750956134e+00
1.742068625801023174e+00
1.845862595389715199e+00
3.414397823528403819e+00
7.033899779872940794e-01
1.309462884910528313e+00
1.842003907885230163e+00
9.006968961095611625e-01
3.496562654619903565e+00
9.340984085075345611e-01
2.620413386309580872e+00
2.466747967573432732e+00
1.891589758995106507e+00
4.330260205504339321e-01
3.370942610313905519e+00
2.064787637480843152e+00
2.507549112026915772e+00
2.364164225229592020e+00
1.045082630865259432e+00
1.467675448407499417e+00
2.264764884205124673e+00
2.211792399911764129e+00
1.488271455419184486e+00
8.227707376836690401e-02
-1.819083710398192721e-01
1.826332309617076044e+00
1.099138598194132399e+00
4.074057925651233258e-01
2.359403039460943319e+00
1.999115683557552314e+00
1.754438092357752277e+00
2.259555032347877024e+00
1.239996391773992457e+00
1.228309141636409807e+00
2.123951558279425722e+00
3.280832130399994995e+00
1.676363079499931352e+00
2.295932759592683503e+00
1.673384016140941011e+00
2.511625291579851371e+00
2.841825404687706946e+00
1.683294424097220965e+00
8.374058714672925063e-01
3.439373001455668266e+00
2.069765821887414425e+00
2.065745764746158120e+00
5.132272332902862999e+00
2.692879697754434254e+00
6.632803693081565921e-01
2.657202083596557962e+00
8.612613715216475008e-01
2.468414451176669022e+00
1.237639390388184157e+00
1.307560750170694952e+00
3.303394607324775745e+00
2.127097162939126207e+00
1.073725677402874501e+00
2.060121571994538936e+00
2.456228365375625167e+00
1.465663178581927628e+00
3.696479315035208657e+00
1.925223663257427997e+00
2.285346823290139717e+00
1.523551125048228982e+00
1.034222659587429760e+00
1.862437482622731899e+00
6.536800688979518270e-01
2.640920269633232120e+00
2.037238214843836381e+00
1.859661556858952070e+00
8.267794923195719292e-01
1.730347783908774639e+00
2.124536462845563634e+00
2.215488859782000830e+00
1.747178301391676847e+00
6.366236680447581175e-01
2.242223881960466514e+00
2.721345331727331285e+00
8.871632066902712666e-02
1.566917688360869310e+00
2.638600396815417248e+00
9.787327715364690928e-01
7.305280302172436624e-01
3.074940450892512889e+00
-1.978704584160460023e-01
3.366487695014193093e+00
1.659949758373485462e+00
2.950750149101053932e+00
2.337770458844535160e+00
3.007690917794250129e-01
2.733446297400061287e+00
1.236847820821473931e+00
2.187795139918531806e+00
2.597704818151052919e+00
1.313768330132928153e+00
3.664317178574552969e+00
4.310877943085131392e+00
2.666400149702930378e+00
1.068573073594751399e+00
2.910117075838246414e+00
4.683406567697045997e-01
2.029307144149847364e+00
3.354730198247449557e+00
9.720817369096557137e-01
2.809937039678916282e+00
2.768880476159887749e+00
2.828991842404418477e+00
4.134670767037670558e+00
2.494384248175977703e+00
1.807374746777612229e+00
2.288507939312045991e+00
8.033773359672484737e-01
9.835736899053324489e-01
1.744361734551234111e+00
1.619402515728269210e+00
2.203393218851608548e+00
1.502559510225353279e+00
9.706448522042880889e-01
1.881657464847260153e+00
4.864962040603613147e+00
1.680038786599902245e+00
2.834097627769814220e+00
1.662806487586163451e+00
2.251892293798378741e+00
1.823056390348060329e+00
3.331280829866378745e-01
4.788798678673473752e-01
2.995930316034973728e+00
1.989743351187545084e+00
4.935522792831510408e-01
1.661358283871871677e+00
5.225324366085462025e-01
2.241942245108753617e+00
2.272870942225188262e+00
8.072682276058460449e-01
1.205416616997177615e+00
2.350467732967981505e+00
2.627912282750651585e+00
2.765270391017346174e+00
1.777874359914487501e+00
2.369060925463640999e+00
2.547247593210363537e+00
3.487513667246147087e+00
3.223471572406155339e+00
2.492940864154760572e+00
2.164653714190043932e+00
2.497707569950058382e-01
2.916881057701942392e+00
2.476558000460693076e+00
1.037405215691197702e+00
1.700714540997927848e+00
4.655865696368454820e+00
2.579768844354872748e+00
3.179239743444012500e+00
2.386603460769412433e+00
3.617296776916169243e+00
2.439426070445852801e+00
1.254875163844861863e-01
3.641215330872885403e+00
1.304656409877143819e+00
2.236538292055477051e+00
3.062493740333842140e+00
2.384668521034463584e+00
7.560352093854139088e-01
2.941453289343841426e+00
1.690427528849106409e+00
2.747483926582520386e+00
7.736812285748397855e-01
3.671793074631510834e-01
6.215533385297054014e-01
6.700388149546321337e-01
2.181410901992737461e+00
2.382854243253599513e+00
3.163209394194261836e+00
-1.918362057873790327e-01
1.595877158920545380e+00
3.047747237635883621e+00
1.504408374665789250e+00
2.513131584764622062e+00
2.203080316090771706e+00
1.643449139865517772e+00
3.222965517019994230e+00
-6.370060259613463671e-02
3.649252852804020897e+00
2.374915579981994096e+00
6.181391487585445876e-01
2.932701509789275462e+00
3.462555398451843125e-01
1.379275223281617890e+00
2.227247293198168610e+00
5.869848948367906161e-01
2.763038692833322596e+00
1.097774861350924613e+00
2.603336708953878365e+00
2.029303095953621128e+00
1.247133521371665665e+00
3.030551373440629526e+00
1.422998917649381578e+00
3.501326084685022710e+00
2.773556523457293643e+00
1.861616875122356074e+00
2.121753767290402770e+00
3.169495214071058165e+00
2.428512050923561816e+00
2.508131367410459500e+00
2.046697312567425264e+00
2.507050708328055322e+00
1.468264627024873370e+00
1.910117268269070800e+00
1.067342282546586585e+00
1.730538832647784186e+00
1.495029541387587368e+00
2.522448870698226653e+00
3.316267487376027834e+00
1.765516601413997133e+00
-2.307017849811971999e-01
2.208468644801725222e+00
1.673655812345734795e+00
2.234258215584597362e+00
3.164737409752834907e+00
1.894571158611971118e+00
1.731896597905496549e+00
1.941450618078988111e+00
2.335433955831692998e+00
1.807398709988158769e+00
5.216589842720904535e-01
1.263162284866646834e+00
2.108188504969324750e+00
4.025090957126499447e+00
3.336568297180642517e+00
1.600425595014576707e+00
1.095922697469981166e+00
1.749757481760133571e+00
2.407730256977047567e+00
3.173336709742110795e+00
7.134015965516813385e-01
2.206944536285315284e+00
2.362318644406793844e+00
1.749233731466439679e+00
1.438071727743246431e+00
-5.342531253192062124e-02
8.017431236249530357e-01
1.795947687046940633e+00
1.322330691088768884e+00
1.454413938430126452e+00
4.987432793406341158e-01
2.073813735182257645e+00
1.958451153865344407e+00
2.577789277310621685e+00
3.148231519952385149e+00
2.396499242414364961e+00
2.055696921641646302e+00
1.073492256657465838e+00
5.835521363766222880e-01
2.315130315251620274e+00
3.256187170254786434e+00
2.250200021294816999e+00
9.785191733401212844e-01
2.723761718002712939e+00
1.756514208025841794e+00
2.411096731459566378e+00
3.148658061396909513e+00
2.015677845631385967e+00
1.986826828641536924e+00
2.263510016328765140e+00
1.249214740178841154e+00
1.752954376557040561e+00
2.832927948813354302e+00
1.962436388823816102e-01
1.784210862075326087e+00
3.277800254703544525e+00
9.227604675197693673e-01
1.631107880349482064e+00
3.066611075472529091e+00
2.711494233572075530e+00
1.223183655806122871e+00
1.166033046843845344e+00
1.462274792746108165e+00
1.790729577687946161e+00
6.089264213919158841e-01
2.392839948203450362e+00
1.582678786684015737e+00
2.300775133179965959e+00
1.683317550896091808e+00
1.283531186058778140e+00
3.756397302916919756e+00
1.720964970922600479e-02
2.274476541992990430e+00
1.069337927714653969e+00
1.081176940155214705e+00
8.799815673192086241e-01
2.135122431975632562e+00
1.233733437948465683e+00
4.341658850186884688e-01
2.074025791721546774e+00
8.940703796110045509e-01
6.291031772968984637e-01
2.103539061172821079e+00
2.326844777688122701e+00
4.105090074810431311e-01
1.720536670806583235e+00
1.876037574717610568e+00
1.166920468639110808e+00
9.136346479037442680e-01
2.364597695067526040e+00
1.991586604098527502e-01
6.227575195500638650e-01
9.741394590049599067e-01
2.099767597733558588e+00
1.428747170817440182e+00
2.482582850321078283e+00
2.794379525399807385e+00
2.373454905735502329e+00
1.721564672535141893e+00
1.932022185958803151e+00
4.409207851595192906e+00
3.047937193082431939e+00
1.929323675347430989e+00
2.573870749406241831e+00
1.536156717500247071e+00
2.611985333182199831e+00
4.303075744748506182e+00
2.717985444736643608e+00
7.634052989568389513e-01
6.285552634040016962e-01
2.278915717934838714e+00
2.158982383098821067e+00
2.325885368397969444e+00
1.327870075238882563e+00
1.060766422413922161e+00
1.157846821946801219e+00
2.047576788953001881e+00
1.514063164959676966e+00
3.693950561460873416e+00
2.347289638276765178e+00
1.819544543961171046e+00
7.779005367508939894e-01
5.882524145305996210e-01
2.318779278481479800e+00
3.620313637157738462e+00
2.946400154422786688e+00
2.326823182295499670e+00
1.176060371138437199e+00
1.373672877476107779e+00
3.561531779501259098e+00
1.442032633365057936e+00
7.571306848218724017e-01
2.323428639924250749e+00
2.123408919916451421e+00
6.705936504394824915e-01
2.530911391401634791e+00
1.372919912796355835e+00
8.292648452287236793e-01
2.398223401354607098e+00
1.395085821420851691e+00
1.317225068305963198e+00
1.431818985765780372e+00
2.165275299061172554e+00
2.621567590079855847e+00
3.949651199208922936e+00
2.459780017225512871e+00
9.533315680418938953e-01
3.129619258475710986e+00
1.433189056043993492e+00
1.363818450851726150e+00
1.875718925693566241e+00
1.940205503951310195e+00
4.352202069944224316e-01
1.519406898932319283e+00
1.472418687342851085e+00
2.633556746963576778e+00
7.410894231130800147e-01
1.656580432474411335e+00
4.273251705920411148e-01
2.273857096179585202e+00
1.169279957244510726e+00
3.149667016659864593e+00
2.416988233786101059e+00
2.193885156889775256e+00
4.156212643245595473e+00
1.326081735620444180e+00
3.696052975523901996e+00
3.644067631580364619e+00
2.046344207838869611e+00
3.469529970035624800e+00
2.051370662328776628e+00
2.487369682584896324e+00
1.413459742261283791e+00
2.930130184445391972e+00
5.856136292126725706e-01
2.225375962121906248e+00
1.949995340814003386e+00
1.772119259116550438e+00
1.156814952692510001e+00
1.373660032150657795e+00
4.114901542723385930e-01
-5.948157082422644848e-02
2.481447879744333562e+00
3.826558771249826130e+00
1.824661259885240527e+00
2.464371910029325097e+00
3.421398781413746093e+00
1.942387506934083463e+00
2.687701168153917131e+00
9.672129491519689815e-01
1.399542907921055068e+00
1.603501977353599450e+00
2.142914390948622572e+00
2.440633067294840419e+00
2.335312550085576255e+00
2.097078436208080543e+00
1.176186526009435296e+00
2.254569969053834999e+00
2.878838736974079104e+00
6.024999331194726970e-01
2.975988973717794472e+00
2.112678931519232250e+00
2.407169521915433208e+00
1.726112089959722429e+00
1.140901388498120728e+00
1.344926215218145815e+00
1.860074144498407467e+00
2.285755111609187651e+00
3.074652599471198400e+00
8.331609764547280861e-01
8.747513445820116473e-01
2.790156991785624818e+00
1.379767368288463913e+00
1.980589641790696298e+00
3.388825024783478135e+00
1.848140587035907778e+00
1.617043996943284379e+00
2.226322906867465701e+00
1.487125782131193841e+00
3.336064742395416172e+00
3.068949165626813524e+00
2.335257578115327082e+00
2.152582076930894317e+00
2.676555002376570069e+00
3.230714269070370293e+00
1.267584046923309060e-01
1.892556253417668310e+00
2.001906019318683949e+00
3.479909591505812028e+00
3.500005667004399079e+00
1.765256741780211858e+00
1.804325637763060985e+00
2.558099487350105061e+00
9.526490652624381994e-01
2.141619642966486214e+00
2.399543208058089405e+00
2.844867501994234438e+00
9.859601272703537589e-01
1.897751483366911129e+00
2.450289261064935609e+00
2.908898963523931958e+00
1.535019365774024314e+00
1.879317765694012321e+00
2.196257848857354311e+00
1.692489293660433214e+00
2.666828319086071541e+00
2.653019293244246235e+00
1.329664346409106246e+00
3.850443748341216388e+00
2.421780856305471463e+00
9.978568002357264266e-01
2.401071777741878854e+00
1.328567366073954759e+00
1.896493580835906467e+00
1.285673752627050970e+00
2.827072673771276801e+00
-3.265482671433383999e-01
7.629815984792354122e-01
2.644332402236604374e+00
3.079138384417565266e+00
2.699782379107310781e+00
1.798299161169462979e+00
1.429584845217141131e+00
4.408554976133036263e+00
2.803383293614224225e+00
2.143045245744131133e+00
2.524182403526786800e+00
1.177565618381653412e+00
2.716726978719563590e+00
1.420910612627023228e+00
1.874794918626280449e+00
2.981131823985123663e+00
6.130420485977776668e-01
2.303009695724170580e+00
1.786918295870738804e+00
1.534538187935772013e+00
8.129025528672071399e-01
1.379288780339115839e+00
2.483989365478739497e+00
2.712972077573425178e+00
2.757940986176333542e+00
1.141586276249305643e+00
9.193828930570815405e-01
2.281960296089712958e+00
1.992153040709038647e+00
3.247423460692943742e+00
1.079153198472805997e+00
3.457446805892614883e+00
1.791951317180106695e+00
-2.891195578399510246e-01
1.662680227173820802e+00
1.943246213657870092e+00
2.022945683487745505e+00
9.631850273361217685e-01
2.584843505949880438e+00
8.112815880453658757e-01
3.666061232681646409e+00
2.724953581766566213e+00
1.454148857279751850e+00
1.310924224386125880e+00
4.036874184187659864e+00
2.553145605758071479e-01
1.768976520798586138e+00
2.404748154927034864e+00
1.294873976086044376e+00
3.042801938056705069e+00
1.681297854976669504e+00
2.831613135172165396e+00
2.422928908811767812e-01
-7.695596690840122989e-01
2.974682798228508673e+00
2.651024929737576752e+00
1.889354548749329066e+00
1.791092489300203372e+00
2.142755773924227558e+00
3.970156484427505017e+00
2.677631407505376870e+00
1.967105866887521426e+00
2.630615256416367842e+00
1.985188120528011968e-01
2.306206495113090504e+00
2.134827082653245611e-02
1.327794165522639513e+00
3.080800055671353288e+00
9.687862665558701902e-01
1.093172848032816225e+00
1.380649220464991389e+00
2.603849777123324660e+00
1.489891389780692244e+00
-1.485434447134625913e-02
2.146239011673164665e+00
2.868350315967258535e-01
-8.115209083337044937e-01
6.706843291993256351e-01
2.422579482352770874e+00
1.139339993573682541e+00
3.487144810939618811e+00
3.194646472165095119e+00
1.914438096046203963e+00
1.444068974276739858e+00
1.259509890406222965e+00
3.009704211542890917e+00
1.866912504302918885e+00
2.509170411549459523e-01
2.075089930835138929e-01
3.360077739313892309e+00
1.910502915324407303e+00
3.292019120240050611e+00
2.282868038462624760e+00
2.999892499252575284e+00
3.215890917311195363e+00
2.403116014358305463e+00
2.321319191793873138e+00
2.753930158357828617e+00
2.647868694737046003e+00
9.199453755499640284e-01
2.968101731637746710e+00
3.193477410071146938e+00
3.961403658301121400e+00
1.655572185380430827e+00
1.407523700123687771e+00
2.351809626565160460e+00
2.508450844056170581e+00
1.423776567666439119e+00
2.971483102419294475e+00
1.056659224761546056e+00
3.149009039681511801e+00
3.110008021740416240e+00
3.210714678629200236e+00
1.164708098299279904e+00
1.686003400942415187e+00
1.825328180791661703e+00
8.625377806626901567e-01
1.467273936370239618e+00
8.761032921763960424e-01
1.796856955992871319e+00
1.810201826184458573e+00
2.142064274154253045e+00
2.169059772225367944e+00
1.412561231665622863e+00
3.242996314053065987e+00
1.679340784573924106e+00
3.209487444451066374e+00
5.729795922108735784e-01
1.196575088768118800e+00
4.916146697806591526e-01
1.768992373199748780e+00
1.614792510327091701e+00
7.334427302347079625e-01
2.247803948662360440e+00
2.442272677598863684e+00
2.369563921253256655e+00
2.525991143797710947e+00
1.591365931935101674e+00
3.120634357756276955e+00
3.690182776757819916e+00
2.607354787990275646e+00
2.665014109338060155e+00
1.570823425423718112e+00
1.135601364843876970e+00
3.216414865394919609e+00
1.809818257618464044e+00
2.440761177687785999e+00
1.161846282882917913e+00
2.464158994708395944e+00
1.831222383905247941e+00
2.207505591362497466e+00
1.768681997936447647e+00
1.845314195791257328e+00
2.157160727805140787e+00
2.518466244798274634e+00
1.147501397229048647e+00
2.057460325713518223e+00
2.122083990442241053e+00
1.574549391400884124e+00
1.594397494329715004e+00
4.078038157084789006e+00
1.941904397328594767e+00
1.110456594630916616e+00
1.335980637136125360e+00
4.160846851402930646e-01
1.218255873225159380e+00
2.410362266617466886e+00
2.612610833468656413e+00
2.105034938008782053e+00
2.117525376988707464e+00
1.403067466381857642e+00
1.545121690632348166e+00
9.921974978004119983e-01
6.161264544467692783e-01
2.485620635730272365e+00
2.204337415817513524e+00
6.764998780293285385e-01
3.744194532064238690e+00
1.509007207395005379e+00
2.015171571106708637e+00
1.840147670701487215e+00
1.990974623775125574e+00
2.952420689720083313e+00
1.723258773142533062e+00
2.279634771984876629e+00
2.260808450984897799e+00
2.431481081509987430e+00
1.439955288272678491e+00
5.569549629806871405e-01
8.380571149773539119e-01
1.590661709176224292e+00
2.304139947699058499e+00
2.764962143728075361e+00
2.702256679923523475e+00
-3.223612362182977087e-01
1.769838883371584792e+00
1.637310176701187281e+00
2.603165091247576779e+00
-1.320578804969496645e-03
1.685065536301339151e+00
1.455917467476671501e+00
2.141600868475688646e+00
1.372259184179362101e+00
1.395134562574435133e+00
1.915248249019956273e+00
1.303613340328688253e+00
4.512271985132221275e+00
1.539191176436635056e+00
3.511011503929950983e+00
1.051729980213479188e+00
3.040478164066995337e-01
2.329671658326150752e+00
2.338927272451062578e+00
2.986753523029026525e+00
4.605042226013276174e-01
1.581549562816971122e+00
6.792384133735938079e-01
2.148919896988709333e+00
1.748647446919950887e+00
3.216373408417397606e+00
1.691509320974977637e+00
2.567783506278093153e+00
-8.147192943883387883e-01
2.022213172534375492e+00
3.240075025314514079e+00
6.715274631758292312e-01
1.733711773259942968e+00
1.677515927503209436e+00
9.078288248467754062e-01
4.115664663398024281e-01
1.915120143577130118e+00
1.652038868752763623e+00
3.367834106442307629e+00
2.819683382268372451e+00
1.701566449148265381e+00
1.704346472239960608e+00
2.725560007265305451e+00
2.655897943412860229e+00
4.104100653913980157e-01
3.977795565778110110e+00
1.725812410218592996e+00
2.258473407431985880e+00
1.148234328402027327e+00
3.743361871918884809e+00
3.300950919166741215e+00
3.351353810311953563e+00
1.974541738894213250e+00
2.259445595455897404e+00
1.941715692900307211e+00
1.040486876098476454e-01
2.447729423702512896e+00
1.115986379713736820e+00
2.681413048914633279e+00
1.916698314048822738e+00
1.759227614849661059e+00
1.103226227625971445e+00
-4.199188996638056892e-01
6.732615997650752693e-01
1.393692813968812505e+00
1.915667726752687594e+00
2.016390724921803379e+00
6.576460261125978146e-01
2.999181780473258563e+00
1.632150598148005338e+00
2.921538654795288625e+00
1.774977281136542295e+00
1.461285067299721074e+00
3.219814225080892101e+00
1.569025038216591117e+00
1.778927366000249588e+00
-1.013230577746194960e+00
3.166314741112064013e+00
1.777426296675720385e+00
2.894775100542062773e+00
3.579998164774949032e+00
3.268532957877249068e+00
1.767785322265606585e+00
1.398258859239760010e+00
8.913360671836432214e-01
2.574977966270489027e+00
1.325690933020716056e+00
1.719290972546198448e+00
1.907256514901614075e+00
1.102905237306416986e+00
4.838334128268964029e-01
-4.790300514450862579e-02
3.435277343478490675e+00
1.482048924191424089e+00
1.703985854257422217e+00
-3.995769009800191895e-01
2.960220773188555476e-01
3.025233897000629391e+00
1.587583709639672991e+00
1.663583015310923896e+00
1.079174376180144890e+00
4.771391138625680206e-01
1.026347913475820217e+00
2.503741995735196291e+00
2.690595455942927483e+00
1.049744973102666235e+00
1.433084697881609859e+00
2.617929212346624457e+00
2.745671916400276746e+00
7.452244902350653177e-01
2.693956146703275323e+00
3.981844464458216937e+00
3.230962160764477176e+00
4.181567281862205832e+00
3.494857467807994222e+00
2.263160652934510075e+00
1.704789415109499995e+00
1.656466760180099529e+00
2.937324362512740095e+00
2.667112560977862756e+00
8.460193890887672818e-01
1.408438937891004272e+00
2.049974629873319021e+00
2.299408776934259713e+00
3.932259863127817390e+00
1.123072288162362709e+00
1.567503703476731403e-01
4.390324699193624003e-01
4.663785038950985395e+00
2.513829852804406961e+00
1.346943523812119015e+00
2.370678416374504049e+00
1.948010671837009822e+00
1.187401992869966172e+00
1.764117971533406104e+00
-4.569984407025384776e-01
1.059851950440061419e+00
2.469532861794927037e+00
3.557390259202402039e-01
2.066014073693495323e+00
4.887673618751464666e-01
2.457875368042645281e+00
1.887103726099393919e+00
1.828411371033877630e+00
1.219197037065208766e+00
1.582961121141064353e+00
2.829475573335378691e+00
2.286333958790152998e+00
4.042491952660025589e-01
1.092474681155443772e+00
1.384631168795487977e+00
5.758201022490865295e-01
9.294079856539156914e-01
2.196370889648084912e+00
1.196517546283715649e+00
2.446122174622650469e+00
2.678058919126918624e+00
2.592675350760695441e+00
1.197854173841650383e+00
7.894709088730127444e-01
2.880154354673282846e+00
2.022994724899921160e+00
3.534863720093119888e+00
1.512352317309347161e+00
4.180256544640207572e+00
-2.215093306430668818e-01
9.859186225725564690e-01
1.229345756451861282e+00
3.100608958345396182e+00
4.650606556338994224e+00
3.225501742711410547e+00
3.930059941772775289e+00
1.859463638440114641e+00
1.667584107869498844e+00
2.069684280524131115e+00
3.197997745939997749e+00
3.286949710677522507e+00
2.144000789581068211e+00
1.813168379282628084e+00
2.940235301521251454e+00
2.825435964629015917e+00
2.720112206379154962e+00
2.198376068572947428e+00
1.025106630368936678e+00
2.213436649348637264e+00
1.620732766109609591e+00
4.280445204831922368e+00
4.307650764241207852e+00
7.458677512456861614e-01
2.349473594975866497e+00
2.266009899527603011e+00
1.267118028010463693e+00
2.370844441641192013e+00
1.424600354546353920e+00
1.957161265159573560e+00
7.456938063613218759e-01
2.207424305874443160e+00
1.100227407519286160e+00
2.443756769796662009e+00
2.546183249663531711e+00
1.765889834450896867e+00
-3.582466223806770600e-01
1.831790572616518897e+00
1.028488335953544386e+00
2.314642756236290566e+00
1.556106363109945878e+00
1.220808816086149440e+00
1.939741676788283353e+00
3.059747585305743200e+00
3.964845075644563899e+00
2.536731416451206478e+00
1.467387881267244953e+00
3.865757515854012283e+00
1.179144809581929021e+00
3.738222542943535842e+00
2.045011143134486620e+00
7.851336594947804226e-01
8.752260567484919651e-01
3.136412134216758130e+00
2.827371366780055517e+00
3.498324742457790570e+00
2.879950947371300529e+00
2.993440061930132678e+00
1.317296786409870135e+00
3.384181639982671630e+00
1.223798170964690346e+00
2.679106842956915813e+00
5.276313765185152160e-01
9.657048033056407910e-01
2.632791738311258456e+00
-1.485502670383591628e-01
2.199591269049638864e-01
2.060922242184826558e+00
-3.950171717265611449e-01
2.391515783561150243e+00
1.154991049908099532e+00
1.276919507890172945e+00
1.820319756356546526e+00
2.930511554814211994e+00
1.090086633917171755e+00
1.395937529430824942e+00
2.170797865023862627e+00
2.258437833487156876e+00
2.104425002099855835e+00
3.902417591551576415e+00
2.913747076926511692e-01
1.496750690376080994e+00
6.344844758522425465e-01
1.050732948431631453e+00
3.085945897710960395e+00
3.756686968453340825e+00
-1.318970930293571708e+00
9.017340028666369633e-01
1.256923696405303659e+00
2.833387038177349382e+00
2.246691920168863099e+00
5.150164937731285253e-01
3.284141673638583114e+00
2.754224969323709971e+00
3.941903166320003038e+00
1.871996571375399210e+00
1.839189388468585484e+00
2.399029032404384587e+00
3.644894080096995559e+00
1.643162536908482352e+00
6.707348540132873627e-01
-4.826921264418664315e-01
2.204839217915311345e+00
2.464467714032988255e+00
3.023161672308241954e+00
1.126966217700514417e+00
2.085598672966179290e+00
2.517872727390234822e+00
4.446746747938441491e-01
3.692615908759856680e+00
1.203937953926682347e+00
1.740104274234724357e+00
-1.850681921615748848e-01
1.603661822460537012e+00
1.607524303406732358e+00
2.418549694896836133e+00
1.078763505121789201e+00
1.288956667000271228e+00
2.756124090689077377e+00
2.602641238065659390e-01
3.222128156336825811e+00
1.929305030582327607e+00
3.056677872808561069e+00
1.512993407387098088e+00
2.455925481214094042e+00
2.706381979873795807e+00
2.060513801273472723e+00
1.180498726955941935e+00
2.134079809330096555e+00
1.794189386307885936e+00
3.449595995988742114e+00
2.866324766681739966e+00
1.306749903778596344e+00
1.717458417312122343e+00
2.699256143311279832e+00
2.157133287508067099e+00
1.194945363011610695e+00
-1.117320329688561653e+00
1.313079517956312614e-01
2.944529545169261908e+00
2.193865465074934296e+00
1.317257309724787273e+00
1.167622041463414195e-01
1.076853440811040619e+00
2.555807864063948553e+00
1.398928808283290692e+00
1.098570718849892991e+00
2.729015296629108356e+00
2.749453834861849799e+00
1.147396758521126436e+00
1.003867873994222393e+00
1.618982626552800452e+00
1.498367841489352870e+00
2.025504692024836739e+00
1.571845854041423518e+00
1.267768137955672891e+00
4.233698519203525024e+00
2.340345362389296024e+00
9.470127845233000663e-01
2.469875191018051641e+00
1.386235335970744664e+00
3.270372081096597938e+00
2.492838790266376670e+00
2.633992199722427596e+00
1.553240266442935891e+00
9.312024457760630369e-01
3.408312629082355105e-01
1.424412862314036410e+00
2.073199815841208160e+00
1.238373871905531276e+00
1.254405401197056236e+00
1.959353314646887556e+00
2.685533489901734683e+00
1.884134373868719958e+00
1.681471009031257680e+00
2.968491894252493601e+00
9.380386943690863788e-01
2.845434950331696022e+00
2.953980079948759663e+00
1.399880758037074679e+00
1.585977298666869206e+00
1.624918346319553120e+00
7.876237993441825846e-01
3.123560746420677603e+00
3.027568290748783753e+00
2.044301055705073811e+00
1.187446184454080456e+00
3.493464453664680391e+00
1.812970448403471879e+00
1.696084787753882939e+00
2.565950586250321130e+00
2.304173812550288858e+00
1.908123383607690737e+00
2.995381920313512580e+00
1.989622681079533439e+00
1.170840139502669075e+00
2.989152908880719384e+00
1.113420166898902330e+00
2.355416223161182820e+00
1.625467464415484509e+00
4.220014656404935671e-01
1.368682021494551648e-01
7.323727315186556730e-02
3.371598567481273179e+00
1.988832310368446432e+00
4.598392049474730570e+00
4.989205302081392901e+00
-2.036373591680273876e-01
2.559123073536704318e+00
7.997098260347128562e-01
1.298003548148916497e+00
1.163060951008988653e+00
1.834544699963528425e+00
4.944787643056455906e+00
2.162160163335524299e+00
1.671443420806220548e+00
3.041420083101999960e-01
5.413881184595976670e-01
3.618339725252612826e-01
1.674377826309296990e+00
1.836125597491695904e+00
5.425451845848905386e-02
1.703146066385408552e+00
1.910516216841678716e+00
1.649954761481619903e+00
2.253539396761841118e+00
1.881859009479729838e+00
2.544252040646752810e+00
7.953805190142928527e-01
2.840667925378718817e+00
3.178951298862324748e+00
6.257308506874421639e-01
7.710641295898468250e-02
3.554032310888650681e+00
2.258544024723940780e+00
2.167805754124853657e+00
1.956160861694424602e+00
3.004029271738728468e-02
2.381643300401116381e+00
2.622456740026298583e+00
2.636027609218733136e+00
1.581364533329737698e+00
3.097915675848332384e+00
1.979032241619907317e+00
6.276876244933575766e-01
2.810752105712634119e+00
1.956179995271366989e+00
4.863198023861468045e-01
7.779045208130044298e-01
2.166623749678119104e+00
2.258799364932719822e+00
8.787825471023729129e-01
7.208707335772812641e-02
3.018157735975282030e+00
2.223222386704529985e+00
2.783782087711505593e+00
2.323653659123344539e+00
1.464451177329414211e+00
3.814120621269786238e+00
1.865541452361517916e+00
2.266522939392546565e+00
1.196982948971786254e+00
1.621018393027345628e+00
1.974565128537989933e+00
1.201779870185906596e+00
6.894812836079406981e-01
2.556639567760865539e+00
1.703785105824208834e+00
9.776078081737868963e-01
1.573776192944149388e+00
-1.479127375245710141e-01
1.803936811412913732e+00
1.960631725241959833e+00
1.494629925569177731e+00
2.273204176341921290e+00
1.880656613483489226e+00
9.487945661367032102e-01
2.154592362232289560e+00
3.818051319332686599e+00
2.625999815398942783e+00
1.585860187962499834e+00
1.762590033451535643e+00
1.836021670534212058e+00
3.081492337933459336e+00
2.746054722563603612e+00
2.946532896398815549e+00
1.686553984437330733e+00
2.331665300044564404e+00
8.321876444520894811e-01
1.870766519603657141e+00
1.927858693532426226e+00
4.288387138411109412e-02
2.322659554392536574e+00
1.692462297326596143e+00
1.841906733465166646e+00
1.412868425208553935e+00
2.580748578355402056e+00
2.348398766957614736e+00
8.973118192860218834e-01
7.101681675107174296e-01
3.527762350773789635e+00
2.726110889384291802e+00
9.689490774413005436e-01
1.535647313554209026e+00
2.916534482224058866e+00
1.541330303418368075e+00
1.506110088706374306e+00
1.834508304391125666e+00
9.287540316954674413e-01
2.198869729357237013e+00
8.535147987952143023e-01
1.893795154634936750e+00
2.970352045870212621e+00
2.151121912240994138e+00
1.493876556198827643e+00
3.606487396843868432e+00
3.374860490603506236e+00
3.363198044393413078e+00
1.453585796720369583e+00
1.589042125684605899e+00
1.910184450983717586e+00
2.338297274764363110e+00
2.965796799061855449e+00
2.311911819990785322e+00
2.338862732595793137e+00
2.363607014981349508e+00
2.892832766808400180e+00
1.002581014361903389e+00
2.546578515675057108e+00
1.212295687729017413e+00
7.851416835944480255e-04
1.345541936599530475e+00
1.994722451725691847e+00
9.897627250574428937e-01
2.739642797183916567e+00
2.233943486765090469e+00
4.744949081347347164e-01
2.736326105024350142e+00
3.267910459853204941e-01
2.069736838633233322e+00
1.537969029508258645e+00
1.743757339939027373e+00
6.070079489480129098e-02
6.118036485992497386e-01
1.562303941565975407e+00
2.485948178895213356e+00
3.960341824819296974e+00
3.678860685749901549e+00
2.073094534515103504e+00
3.501332742204585902e+00
1.723220796470209537e+00
2.342113067667558557e+00
1.598422326858329079e+00
2.064793155140731251e+00
2.331092393034148280e+00
1.594475597048484294e+00
3.667849871365138625e-01
2.509071265735783651e+00
1.691245361344594134e+00
1.997497215883300647e+00
1.471176919095928071e+00
1.622174410874762884e+00
1.752153540357792139e+00
1.914515184379212087e+00
1.939933824309032051e+00
2.252041672391516869e+00
1.540900865168698175e+00
1.785937821576939033e+00
8.287573476067024991e-01
3.774451672315352724e+00
1.544396516422177346e+00
3.391977837992788736e+00
3.680028624626368039e-01
1.489842079127527752e+00
5.037178743293893035e-01
2.002194661656053754e+00
1.860642480146539102e+00
1.133192966063955254e+00
2.784406855852370910e+00
1.973421178074805660e-01
1.330242952805641643e+00
2.887402102848059648e+00
9.669466223537774852e-01
1.143378615163543888e+00
1.880185095885275492e+00
1.701476049359841092e+00
-7.649161688885945942e-01
7.125643477796135272e-01
1.883624881365453474e+00
2.684787743108496549e-01
1.513393586099981647e+00
2.457815979603090728e+00
-2.108475965662144347e-01
8.781240328097175141e-01
3.073679874272017720e+00
5.321015238650401713e+00
1.693772598337555557e+00
3.049594429726388611e+00
3.100731591399375375e+00
3.169214277050373063e+00
7.721986200021457858e-01
2.333950472320958536e+00
1.764800052432589084e-01
2.219427191071805527e+00
2.233799394326508203e+00
7.854181216115434516e-01
2.435876615814452695e+00
8.932723625152101388e-01
1.887318117791880745e+00
2.517511575776916644e+00
2.480238511197322637e+00
1.180547054118350481e+00
1.904382305649007678e+00
3.274754976135636042e+00
2.240165045153816425e+00
2.222598008408415815e+00
5.002375558397484934e-01
1.911215158687295412e+00
1.963094528857709298e+00
3.108947549324978077e+00
1.072468264441721164e+00
1.759081614832386897e+00
9.816807817801753711e-01
2.929306412886657274e+00
1.673024529542987526e+00
5.964916884520652385e-01
1.171363544895709818e+00
4.236260590233109635e-01
2.482715147743250306e+00
6.473258071917478151e-01
2.711225772279062696e+00
9.857373939376457006e-01
8.431109002775680761e-01
2.249145879509388823e+00
3.209605107766477783e+00
2.261496704566625660e+00
1.635157192647778590e+00
1.160574390509740095e+00
1.333177693365073635e+00
2.034696506425361040e+00
2.850554825744090692e+00
1.775782730701623624e+00
1.839217769067493347e+00
3.069220087303033750e+00
2.127527531370543734e+00
2.465695714198240296e+00
1.083492253182704035e+00
3.185060170357068010e+00
8.526836049574759713e-02
2.159402053723026960e+00
3.393405857446978313e+00
1.400985201999277230e+00
3.113076144551548907e+00
6.610944083775687208e-01
1.915357990013795364e+00
1.967457441507426630e+00
2.668912071760993321e+00
1.920706228066670684e+00
9.158151486025691845e-01
9.713122100443405404e-01
2.034497728465054056e+00
1.835621365885636624e+00
2.365081756424132653e+00
1.745347600782070741e+00
1.675606000521366434e+00
9.399101610583597832e-01
4.053426443474037910e+00
2.187922685532270428e+00
1.851065175910197702e+00
3.326184235482585017e+00
2.178950122472010698e+00
3.480815931367600147e-01
1.588718204878839968e+00
2.197417233758279576e+00
1.790642768674328256e+00
1.969267338401252454e+00
1.239637224146290517e+00
2.710155372243161942e+00
1.539919377095528397e+00
1.276635727957931898e+00
2.345567066625539709e+00
4.290368572636706901e-01
6.509317780687042809e-01
1.491142379413482821e+00
1.064211414611545337e+00
1.736888671096133097e+00
2.214210644371248815e+00
2.700425495150485578e+00
1.687769761860683060e+00
3.080408525122327212e+00
1.347792394708174690e+00
1.294730946294841534e+00
2.093019769179407685e+00
2.332063205636379699e+00
1.828513175117788769e+00
1.718812029005998276e-01
2.680540465279709572e+00
1.951149564161766881e+00
2.447222731003152241e+00
1.742763932443256003e+00
9.511452242988100991e-01
2.540725268355484623e+00
1.535120598798751956e+00
9.910046455422597544e-01
2.432373171288906288e+00
3.153905543872324913e+00
2.883794992444755678e+00
1.467772388572864628e+00
1.594122852250389411e+00
1.514014505031907154e+00
3.700422521531574915e+00
1.103657880098115385e+00
3.017395640841067816e+00
4.261216991322435810e+00
1.959047306104982455e+00
2.082690602841585914e+00
3.956174580369792082e+00
8.229822082132185468e-01
-1.072609761887143076e+00
2.385675778714277939e+00
2.287968585626383167e+00
3.392355124581521331e+00
9.246596199204455413e-01
3.707637878835755352e+00
2.552917394941914164e+00
1.541729663577102949e+00
4.108487558869725831e+00
1.582236956909366388e-01
2.481937447605754965e+00
2.143707758707198874e+00
2.878294299856843264e+00
1.183909180911867809e+00
2.215845793290688093e+00
2.626082361350129624e+00
2.030353047001686839e+00
2.332030834919275097e+00
1.062323245835913532e+00
2.514533129110100074e+00
1.249783337297132757e+00
1.811400954487883297e+00
3.126930880397394752e+00
1.989296256979221633e+00
1.241119748351936947e+00
1.200268529055716460e+00
2.458132306725680394e+00
2.262794704070288265e+00
-2.915325602706348995e-01
2.204583021431041789e+00
2.242111992041608381e+00
2.727960569552738690e+00
1.847810552300670484e-01
1.715920664485567348e+00
1.975776937428355806e+00
2.656912256110883774e+00
9.678037465338740208e-01
2.514005807070691212e+00
2.039161145039603440e+00
9.296890517567091283e-01
3.058759420846503652e+00
-8.648964285630151849e-01
2.850446374899804347e+00
2.156750387142109204e+00
2.659253281881977848e+00
2.185012383044055539e+00
2.763100812062881939e-01
2.845233638999745907e+00
1.310425596807854642e+00
1.716754280208517169e+00
2.852996698141070375e+00
2.778693916105229089e+00
1.808964155046773437e+00
2.003328472828475704e+00
1.407870692532204426e+00
2.570413348502116335e+00
3.130994831454957161e+00
3.111395483793839567e+00
1.028437607453338343e+00
8.852049087586053577e-01
3.309037085898695718e+00
1.469660681830834870e+00
2.686846295961547781e+00
2.254552278146277011e+00
9.519807024625925873e-01
3.207531990259768762e-01
6.470278424377393645e-01
2.259781113783228434e+00
1.905151752052604675e+00
1.488344496825760199e+00
3.260660979096093648e+00
2.930639744686922565e-01
2.420923941432839399e+00
3.576114300060913020e-01
1.839085735608486427e+00
9.914821822528672168e-01
1.903895913845605081e+00
1.937435863191983021e+00
1.706305486508645775e-01
1.509597208836760185e+00
1.972300021595287500e+00
5.727719514048157379e-01
3.005558004136239525e+00
1.574295594381774244e+00
2.753205716167255179e-01
1.481283206555010334e+00
1.308754260030383199e+00
2.262605106142299149e+00
1.478729768100157216e+00
1.254844223904048039e+00
1.570401953148517382e+00
2.276734473642472611e+00
1.019644977542688569e+00
1.054808441538329866e+00
-2.660444443793417157e-01
1.625630201892733995e+00
2.441554986087457468e+00
1.177612277229705517e+00
1.665969602908895730e+00
1.368243721147914815e+00
4.336732297751602072e-01
8.296128229386896535e-01
9.130663644318126604e-01
2.479173235304988232e+00
2.202486764843465394e+00
1.470635322446508741e+00
2.690010214468726790e+00
1.391461635463464575e+00
3.349212731352101180e+00
2.736841544720347130e+00
1.590648940206649931e+00
1.532960304379839656e+00
2.727938647827304663e+00
2.956010163784193345e+00
1.616542516352016179e+00
3.813575453268690296e+00
7.211503264448704265e-02
4.762310898937731629e-01
2.706354646980216661e+00
8.500601020767941662e-01
1.550498581805817899e+00
3.734025528407134420e+00
3.323184017683630476e+00
1.801155762745606292e+00
2.441524162270296117e+00
2.414327134011769793e+00
1.693717991013026447e+00
2.261647571934169321e+00
1.510857198866851103e+00
3.198123615855001045e+00
1.681017633291509883e+00
4.471386906624403856e-01
3.415539116262107822e+00
3.268681345356434065e+00
4.090379700815913733e-01
2.016335715849263632e+00
7.836515206697851621e-01
1.476382343085989479e+00
1.678971339818636554e+00
3.400594553003939424e+00
1.270569910252503654e+00
3.168544678996375374e+00
2.054508416907522506e+00
3.185443433636938604e+00
4.441376899045377247e-01
7.678971849875002587e-01
1.971069911859643309e+00
3.408405204205701367e+00
2.945401801017847099e+00
1.798547427276016686e+00
2.041928147375746683e+00
2.123886470361018297e+00
2.962982474044808967e+00
1.329596256343662297e+00
4.226776660510940253e+00
2.003510331721792603e+00
3.293060588614987516e+00
3.056541740013212216e+00
1.132553817236865434e+00
1.589343967360805632e+00
3.401994333174537477e+00
3.760477940089854698e-01
2.174557718227065450e+00
2.591850139854177115e+00
2.554758660681285320e+00
8.521888305472524738e-01
2.127649181913201737e+00
1.894367532513876018e+00
2.387557004655739057e+00
4.182248229892142621e-01
2.305440554040693701e+00
4.058115477923127656e+00
2.015205207039437063e+00
9.097826357872071945e-01
2.008200744391926751e+00
5.284342652864902234e+00
3.631204970377214458e+00
3.142514583600740430e+00
2.319370032347084720e+00
1.258037362974233853e+00
1.194234500189841119e+00
1.376240279528971433e+00
2.591250473597752624e+00
2.454605364449937266e+00
2.190680539253531567e+00
2.047911546796707505e+00
1.161172409766279667e+00
1.943831725024018686e+00
2.268335448878511240e+00
2.831327773013998517e-01
2.414642631046016064e+00
6.619420035161482918e-01
2.253028124666055287e+00
9.893713563635659902e-01
2.617597691453372288e+00
3.493714638468264244e+00
4.480119395365254054e-01
1.475993569604689970e+00
2.006334547179348782e+00
1.257860922853041519e+00
3.193968700943344174e+00
1.568447361881854407e+00
-3.988111143416350757e-02
1.868298055135517499e+00
3.056458894358951461e+00
1.752275579038414577e+00
1.692505522409771368e+00
1.603733066367289961e+00
1.028497828891252963e+00
2.115035834954383187e+00
3.872586083468568141e+00
2.180832512378731103e+00
2.579981561529248069e+00
2.130529365012731269e+00
3.028584109031169813e+00
1.322106476214162774e+00
1.179553247207812294e+00
4.322087260858285873e+00
2.817943542341944774e+00
1.921963153653240441e+00
3.370839500793723964e+00
2.282726388560265107e+00
2.707980870147908004e+00
2.596572788195121717e+00
2.030286387131631010e+00
1.602318528868038383e+00
2.939598936137133744e+00
3.062404264352653893e+00
1.720278405806084487e+00
1.329574790327067824e+00
2.339183099524355214e+00
2.539632778866006468e+00
3.243732646008290033e+00
7.812762606919982922e-01
3.351352423976689199e+00
-5.020795886082964898e-01
3.266232465817741737e+00
2.045704434656531845e+00
1.074915249530959294e+00
2.435353298560436475e+00
8.554213924439002525e-01
3.959582338817659863e+00
1.913005329166562518e+00
2.916776837770259423e+00
1.148691611561563075e+00
1.944258834715814732e+00
2.141914559981051180e+00
-2.446741052579581854e-01
2.853395338133366543e-01
3.096427256880253331e+00
2.108224872996967481e+00
3.284578523988669563e+00
2.317214221550266906e+00
2.716923448207425817e+00
1.404625675805480922e+00
2.724802409032680117e+00
3.800232181768476103e+00
1.720384904872784615e+00
1.237007331337177440e+00
2.094119541871855450e+00
1.589495388984506707e+00
1.112232587613123158e+00
1.314515892559757315e+00
2.247573764492232673e+00
2.264379543679745144e+00
1.742593470592878946e+00
1.348153245720244531e+00
1.327159064728735016e+00
3.210171790265246461e+00
5.085014799280689335e-01
1.213463064227130683e+00
3.196369032721239734e+00
7.073595420996439120e-01
2.001894265213122193e+00
2.429118432534125738e+00
2.167986365651117797e+00
1.285996942366581131e+00
1.931146929674326218e+00
2.186925926433290091e+00
2.551335411854801727e+00
1.325732920097180134e+00
1.187045390442565296e+00
9.622450430115199183e-01
9.212411916659390965e-01
1.067643735997100052e+00
1.304700270181319066e+00
2.308642793047626540e+00
2.010533536996077952e+00
3.522134905865496268e+00
2.489879723888910767e+00
9.457605429795687968e-01
1.253046940106389506e+00
2.441430869651501911e+00
-2.746746376417394941e-01
2.911231136734563130e+00
2.071254821068314378e+00
2.467376956969926649e+00
2.098275901474803362e+00
1.050208375867454524e+00
1.364726753330507414e+00
1.246158454356270262e+00
1.460083314731358772e+00
3.026248128323128395e+00
7.349096592961228414e-01
1.870888033219226587e+00
1.761593154903992708e+00
8.448992096420628872e-01
8.861794878420894417e-01
3.664049570943402223e+00
1.633368528367896921e+00
2.458727089821568512e+00
1.785172906879873622e+00
1.908532229445504491e+00
1.930258744453700936e+00
1.510165028440483947e+00
3.532780817981307386e+00
1.235335493953784169e-01
1.767021837636231441e+00
1.935878250214585927e+00
1.653301062367469321e+00
2.222148151062374843e+00
-1.677462205888669011e-01
2.603618583956039956e+00
2.139293442145554724e+00
2.110042785743378335e+00
2.801046411748374876e+00
3.528278896189579683e+00
2.273691572721672660e+00
8.623704884313427854e-01
2.626642473919370779e+00
2.163155184671506248e+00
2.258131699011197924e+00
2.215969317131991190e+00
2.002607703411490636e+00
2.491339661129003957e+00
1.970376157313429299e+00
1.548911095832836704e+00
1.619224419617838695e+00
2.254150619291085178e+00
1.576222374608759802e+00
2.742833023061015396e-01
3.217571680267393042e+00
4.792831368947214621e-02
1.058849129434620284e+00
-5.466056051342018662e-01
9.860378512760985537e-01
3.506484097705920178e+00
2.703830861039679512e+00
2.330115391914349576e+00
3.357624989741186283e+00
3.544714960630161116e+00
3.774523763319033165e-01
1.966484945834618525e+00
2.790389288891951924e+00
1.174538439544604129e+00
1.230346063521672528e+00
3.546168606418075520e+00
1.921497123302221111e+00
5.198138140961974241e-01
2.728226366895143418e+00
1.345054470923901846e+00
1.808914421136098571e+00
2.900413258748326228e+00
3.881577009985306859e+00
2.144375109498642296e+00
7.270121581350326156e-01
2.029809539045568823e+00
2.169559237935944740e+00
2.211755848466467445e+00
9.657373427544557742e-01
2.560924275281540652e+00
2.741443202825281311e+00
3.145418797622393292e+00
2.913832792627530921e-01
2.727954322410717669e+00
3.229908034432003028e+00
8.929579310754898192e-01
1.923891745798549824e+00
7.127906004146258301e-01
2.439713662195557742e+00
2.241143924560700107e-01
2.656029744682405713e+00
1.134375274700157199e+00
1.321332046115932357e+00
1.902014693618284902e+00
3.027486544346786879e+00
1.574844143102708705e+00
2.021677693391476183e+00
1.903353062936568474e+00
7.925594314601733803e-01
3.180797143381425940e+00
3.265083331143923573e+00
8.935514864264670898e-01
3.118295607723515772e+00
3.322712029695191749e+00
3.902906744717788978e-01
1.711777289627944398e+00
2.148023456178528523e+00
2.371026555753520615e+00
1.233111961357443498e+00
1.370438520746931399e+00
2.821724329549693433e+00
3.739274501107961779e+00
3.412366623602216542e+00
1.001387151660717123e+00
-1.959801941744967468e+00
2.821057432356026240e+00
2.081691181267655733e+00
1.163626229958045766e+00
2.403421925862996300e+00
-3.041364282560707899e-01
2.373954624613004771e+00
2.231145336022083647e+00
2.306177299880272091e+00
3.563712285179079231e+00
1.177143649473576303e+00
1.849204982520614049e+00
2.152222292868868792e+00
3.810727605555536357e+00
3.373265332206713651e+00
3.088085919856547790e+00
9.637957778384502738e-01
1.477897641567873510e+00
2.181633370530931870e+00
2.026256742810573552e+00
2.321934978705113561e-01
1.204180547187332140e+00
4.333887914180531098e+00
1.968641269967609908e+00
3.543918173455608667e+00
1.946739215125057765e+00
2.235635690906566442e+00
2.799739608056551976e+00
2.681667995318906428e+00
1.447527055324153267e+00
1.389687260434831373e+00
3.640744711941918954e+00
6.161897943056460214e-02
2.100032415568356292e+00
1.990087848817277294e+00
3.421424507303904239e+00
1.695127941375258240e+00
1.654932902060167521e+00
2.565003454065120536e+00
2.462425423811265723e+00
2.339046696869240716e+00
2.271093467028324486e+00
2.028378246691154629e+00
1.487729517874591290e+00
2.310608514511516276e+00
1.695063598501231894e+00
3.081003916790570507e+00
9.096700176033816199e-01
1.850592558433084234e+00
1.288996747251473174e+00
8.120150958595639956e-01
1.493696880608320843e+00
2.202137169659584615e+00
1.852753393893494360e+00
3.269924172561699649e+00
-6.416112600077461536e-02
2.609251612549196686e+00
2.435207047893706456e+00
3.520214742026197552e+00
1.676399704157001569e+00
1.520143421474621670e+00
1.592281430566720113e+00
4.263425542324898565e+00
5.782683855573715892e-01
1.912395308783912506e+00
4.105177587162327058e+00
2.624205247020876985e+00
3.190801184953827807e+00
1.076620064210444871e+00
1.802518228545907597e+00
-2.971631982539824079e-01
3.812988772657485370e+00
2.205109296148754616e+00
-2.896244555011406874e-01
3.241040978688185081e+00
7.751447107034046269e-01
2.333083396401109066e+00
3.336134011898665541e+00
2.602209824064661170e+00
2.096347055010601590e+00
2.102130992026016276e+00
2.681467698233068297e+00
2.150555737314465699e+00
-9.946749929633162957e-01
1.393212233605185979e+00
1.657146993417095260e+00
3.032707088479781987e+00
9.304339412801365672e-01
1.297511119256964829e+00
1.168393309902956201e+00
1.546367431565802031e+00
2.237493330778738354e+00
1.765034519991114159e+00
3.831933966382640833e+00
1.662406917835365094e+00
1.423422161109471507e+00
2.919550175845257556e+00
1.988004289531886126e+00
1.308564970464979105e+00
2.775215559509045082e+00
2.053363002625115286e+00
4.186303245365526671e+00
2.172187271394213859e+00
1.429196512744805858e+00
9.992826113617873096e-01
1.544369290231162761e+00
2.566809674459014534e+00
2.884186130511709578e+00
2.206665091919425059e+00
1.333311114897930860e+00
2.174889757485086950e+00
2.445117889331968719e+00
2.834635798129377715e+00
1.335430136118996192e+00
1.443643195675691882e+00
3.605762967924548867e+00
1.651119166313499864e+00
1.205301267739907090e+00
4.124081912556610163e+00
3.117765886570975642e+00
-1.197899646102018600e-02
3.421582288229657376e+00
1.884647173821340171e+00
2.910394066014741377e+00
3.961366625721961743e+00
8.270669065673490472e-01
1.845037305973186381e+00
1.128993867614609403e+00
1.590256017806716216e+00
3.530397773612475198e+00
2.308005440162498978e+00
2.043162035277725774e-01
5.483533362372507991e-01
1.730724561361720593e+00
1.644966129460606385e+00
3.587013511688816880e+00
1.778878302836429448e+00
2.757240229141220134e-01
2.186975000358293286e+00
2.244851435256656647e+00
1.175314148149090077e+00
6.028910381497114557e-01
3.805596501450327906e+00
1.172060065486546510e+00
2.013841939047361862e+00
6.973914977580695229e-01
1.422343145204840731e+00
1.278906415847686606e+00
2.094486648900489634e+00
1.167849793905360256e+00
2.128687162313419812e+00
-8.886744792966245754e-01
2.048730772221282415e+00
9.879532693760417761e-01
2.314219424954425008e+00
2.295161505474766273e+00
1.957548323547597446e+00
2.915804919703795850e+00
2.706226160837973183e+00
1.949727554897847215e+00
-3.342257253598668321e-01
2.243127169187181913e+00
9.059526887135305184e-01
1.940483152585238402e+00
5.651673476063949764e-01
1.348999303189257981e+00
2.508927670832329149e+00
2.499214596395414212e+00
5.554343270119441733e-01
-1.160151349329874293e-02
1.441812794802019848e+00
2.272503792389462429e+00
2.503835097117281805e+00
2.430245254478757833e+00
2.627998301816217186e+00
1.762502881112277819e-01
1.972042544862847135e+00
2.450720146247564735e+00
1.577494917229905758e+00
4.438715940223492140e-03
2.962309037359807107e+00
2.194884561754781860e-01
2.391162581766399953e+00
4.955994678695425648e+00
2.771232471377294893e+00
1.327117605576399129e+00
-2.525140399582492812e-01
2.281215331288811043e+00
2.070077431385179967e+00
1.926388011356634511e+00
1.866703129931534422e+00
1.373536729263840739e+00
1.937392459743863871e+00
1.711863246658455573e+00
2.443658471334860138e+00
2.142930830901701889e+00
6.742965913000737999e-01
